1 105348740 106666000
2 103821044 105348740
3 103475300 103821044
4 103070804 103475300
5 101849484 103070804
6 101842524 101849484
7 100516956 101842524
8 98641212 100516956
9 97915308 98641212
10 97788332 97915308
12 97762084 97788332
14 93584484 97762084
15 92151660 93584484
16 91874799 92151660
17 90557847 91874799
19 89281887 90557847
20 89269719 89281887
21 88973735 89269719
22 88321041 88973735
23 87867017 88321041
24 86924113 87867017
25 86596429 86924113
26 84222583 86596429
27 84015061 84222583
28 82317801 84015061
30 80697859 82317801
31 79979646 80697859
32 79851518 79979646
33 79210908 79851518
34 79016112 79210908
35 78750562 79016112
36 78559462 78750562
37 74880066 78559462
38 74145463 74880066
39 73365315 74145463
40 72632103 73365315
41 70797435 72632103
42 69380939 70797435
43 69242763 69380939
44 67028445 69242763
46 66775365 67028445
47 66503769 66775365
48 64518761 66503769
50 63038009 64518761
51 62334827 63038009
53 62221147 62334827
54 62205065 62221147
55 62139501 62205065
56 59906655 62139501
59 59900535 59906655
60 59425335 59900535
61 57693855 59425335
62 57345455 57693855
63 57133199 57345455
65 56805563 57133199
66 55766263 56805563
67 55655983 55766263
71 55228769 55655983
72 55121497 55228769
73 52234017 55121497
75 51714735 52234017
76 51478111 51714735
77 50999985 51478111
79 50032569 50999985
80 50032041 50032569
82 49334541 50032041
83 48190551 49334541
84 48185733 48190551
85 46156589 48185733
86 45914893 46156589
87 44781541 45914893
92 43731495 44781541
95 43687815 43731495
99 42791020 43687815
100 42367192 42791020
101 42248056 42367192
102 42133630 42248056
103 40192954 42133630
104 38042260 40192954
105 37999760 38042260
106 36715332 37999760
107 35903406 36715332
108 35754248 35903406
109 35495608 35754248
110 34698046 35495608
112 34695505 34698046
114 34183371 34695505
115 33754251 34183371
116 32841051 33754251
117 32204895 32841051
119 31049055 32204895
120 29563433 31049055
122 29516197 29563433
123 29474077 29516197
124 29326335 29474077
125 29271679 29326335
126 28805377 29271679
127 28659733 28805377
129 28274581 28659733
130 28119381 28274581
131 27929217 28119381
133 27626439 27929217
134 27338431 27626439
137 27286463 27338431
138 26914243 27286463
141 26888343 26914243
143 25125609 26888343
144 25122161 25125609
145 24743537 25122161
146 23765621 24743537
150 23475149 23765621
152 23374919 23475149
153 22683495 23374919
154 22340959 22683495
155 22036669 22340959
156 20692669 22036669
157 20590639 20692669
158 20318095 20590639
159 19087023 20318095
160 19085151 19087023
161 19039965 19085151
162 18531165 19039965
164 18495723 18531165
165 18213059 18495723
168 17759463 18213059
171 17527791 17759463
172 16910931 17527791
177 16858963 16910931
179 16824165 16858963
180 16577665 16824165
181 16293785 16577665
182 16139964 16293785
187 16131974 16139964
188 16129062 16131974
189 16068186 16129062
192 16049490 16068186
193 16046162 16049490
194 14792840 16046162
196 14626780 14792840
197 13619442 14626780
198 12783682 13619442
199 12455354 12783682
201 11956790 12455354
206 11934367 11956790
212 11283145 11934367
213 11281465 11283145
218 11051077 11281465
219 10725847 11051077
222 10579919 10725847
223 9921023 10579919
225 9487763 9921023
227 9381515 9487763
232 9279335 9381515
234 9143927 9279335
235 8802655 9143927
236 8340987 8802655
240 8295411 8340987
242 8246559 8295411
244 8182079 8246559
245 8121567 8182079
246 7675582 8121567
247 7670962 7675582
248 7613938 7670962
249 7566601 7613938
252 7557177 7566601
255 7516444 7557177
257 7407904 7516444
258 7394020 7407904
262 7266926 7394020
263 7234366 7266926
264 6644406 7234366
265 6581369 6644406
268 6562329 6581369
271 6061983 6562329
272 5679303 6061983
273 5018823 5679303
275 4894503 5018823
278 4547823 4894503
279 4169471 4547823
281 4161221 4169471
284 4122629 4161221
287 3963009 4122629
288 3838689 3963009
292 3320133 3838689
293 3281883 3320133
294 3215183 3281883
295 3194603 3215183
297 3180469 3194603
298 2961037 3180469
301 2807131 2961037
302 2730343 2807131
305 2705927 2730343
314 2651693 2705927
316 2554669 2651693
317 2419689 2554669
321 2251664 2419689
324 2241424 2251664
325 2228144 2241424
326 2010654 2228144
327 1988478 2010654
329 1982208 1988478
337 1971868 1982208
339 1951604 1971868
341 1934160 1951604
347 1928463 1934160
354 1916663 1928463
355 1850461 1916663
357 1844125 1850461
358 1816349 1844125
359 1740541 1816349
364 1675469 1740541
365 1634791 1675469
368 1616383 1634791
369 1573519 1616383
370 1556502 1573519
372 1538506 1556502
375 1516666 1538506
376 1503070 1516666
377 1372725 1503070
378 1361007 1372725
383 1345647 1361007
387 1277667 1345647
398 1148307 1277667
401 1148255 1148307
402 1146431 1148255
406 1146153 1146431
412 1063767 1146153
413 1058944 1063767
416 1053019 1058944
423 1036859 1053019
427 1019147 1036859
428 1010357 1019147
435 1009181 1010357
440 981641 1009181
446 970361 981641
454 962105 970361
459 905799 962105
463 904024 905799
467 893074 904024
470 891472 893074
473 886078 891472
479 829156 886078
481 825544 829156
483 819445 825544
485 813749 819445
486 803957 813749
492 695489 803957
509 693452 695489
510 684236 693452
522 650972 684236
527 636376 650972
528 594136 636376
530 588560 594136
541 565992 588560
544 558622 565992
549 553694 558622
552 523454 553694
557 522046 523454
562 497502 522046
566 443502 497502
569 426966 443502
574 419238 426966
575 418881 419238
580 406481 418881
584 388073 406481
585 364457 388073
592 364337 364457
602 335699 364337
611 330239 335699
613 329503 330239
623 329503 329503
626 323791 329503
630 323621 323791
631 319621 323621
666 293581 319621
669 293276 293581
673 289388 293276
674 285176 289388
675 273848 285176
676 273348 273848
683 260010 273348
685 248482 260010
689 248482 248482
692 226874 248482
702 226569 226874
705 221209 226569
708 221041 221209
711 217525 221041
714 215547 217525
716 215457 215547
721 205971 215457
722 202019 205971
724 196355 202019
734 193407 196355
742 191409 193407
757 154281 191409
758 144499 154281
761 113267 144499
775 113102 113267
812 107882 113102
815 106400 107882
823 104864 106400
845 104752 104864
848 104752 104752
850 104108 104752
852 103544 104108
879 103465 103544
897 103469 103465
905 101091 103465
906 100741 101091
919 90709 100741
922 89417 90709
925 89417 89417
946 84249 89417
983 84249 84249
1016 84249 84249
1017 80149 84249
1022 74101 80149
1027 67471 74101
1072 63883 67471
1073 60479 63883
1077 59177 60479
1089 59025 59177
1091 58515 59025
1102 57003 58515
1106 56247 57003
1112 55122 56247
1124 50714 55122
1127 50453 50714
1138 46671 50453
1140 46621 46671
1141 43709 46621
1169 43561 43709
1173 43429 43561
1197 38641 43429
1198 37191 38641
1220 35341 37191
1222 34705 35341
1257 34579 34705
1273 34075 34579
1286 33139 34075
1288 32073 33139
1291 31729 32073
1300 31441 31729
1306 30793 31441
1311 30438 30793
1314 28826 30438
1325 26778 28826
1353 25714 26778
1363 25639 25714
1371 25411 25639
1473 25343 25411
1550 24763 25343
1557 24762 24763
1662 24738 24762
1692 23490 24738
1713 23525 23490
1736 23189 23490
1745 22989 23189
1802 22413 22989
1812 21345 22413
1839 21065 21345
1840 19557 21065
1902 19525 19557
1915 19205 19525
1916 18341 19205
1949 17421 18341
1955 16989 17421
1999 16913 16989
2011 16913 16913
2038 16913 16913
2046 15377 16913
2049 15325 15377
2117 15013 15325
2141 14309 15013
2152 14309 14309
2157 14309 14309
2165 14245 14309
2170 14203 14245
2196 13393 14203
2204 13338 13393
2222 12730 13338
2255 12712 12730
2276 12550 12712
2338 12214 12550
2360 12214 12214
2501 10735 12214
2508 10735 10735
2640 10582 10735
2641 9784 10582
2664 9672 9784
2667 9664 9672
2671 9358 9664
2676 9078 9358
2719 8880 9078
2732 8672 8880
2742 8672 8672
2743 8672 8672
2759 8437 8672
2775 7977 8437
2795 7935 7977
2797 7431 7935
2846 7035 7431
2851 6699 7035
2885 6483 6699
2910 5823 6483
2964 5283 5823
2984 5270 5283
3027 5246 5270
3035 4974 5246
3058 4974 4974
3174 4826 4974
3204 4727 4826
3246 4631 4727
3308 4595 4631
3353 4505 4595
3393 4215 4505
3401 4200 4215
3411 3928 4200
3424 3712 3928
3462 3502 3712
3516 3138 3502
3691 3063 3138
3705 2919 3063
3732 2919 2919
3832 2799 2919
3910 2751 2799
3931 2745 2751
3948 2745 2745
3964 2715 2745
4009 2455 2715
4064 2431 2455
4087 2395 2431
4097 2347 2395
4232 2347 2347
4287 2323 2347
4365 2275 2323
4382 2255 2275
4453 2003 2255
4492 1997 2003
4506 1997 1997
4580 1946 1997
4586 1934 1946
4608 1853 1934
4650 1833 1853
4681 1791 1833
4685 1571 1791
4779 1511 1571
4795 1501 1511
4796 1499 1501
4878 1499 1499
4933 1499 1499
5119 1487 1499
5150 1459 1487
5151 1410 1459
5152 1332 1410
5218 1332 1332
5221 1300 1332
5339 1204 1300
5549 1132 1204
5558 1117 1132
5577 1093 1117
5718 1089 1093
5719 1089 1089
5747 1089 1089
5813 1017 1089
5828 1015 1017
5957 1015 1015
6032 1015 1015
6126 993 1015
6220 903 993
6259 873 903
6272 863 873
6305 854 863
6597 854 854
6663 830 854
6789 770 830
6839 734 770
6866 686 734
6963 666 686
7008 650 666
7133 594 650
7332 582 594
7758 502 582
7807 480 502
8132 468 480
8189 468 468
8322 450 468
8408 378 450
8817 378 378
9300 354 378
9302 354 354
9340 342 354
9532 342 342
9604 340 342
9883 328 340
10144 327 328
10152 327 327
10768 315 327
11000 315 315
11122 315 315
11124 315 315
11125 315 315
11126 315 315
11314 315 315
11485 315 315
11491 315 315
11539 315 315
11576 299 315
11645 229 299
11668 217 229
12000 217 217
12075 217 217
12124 217 217
12152 213 217
12166 205 213
12350 205 205
12360 205 205
12538 205 205
12827 175 205
12835 175 175
13130 173 175
13324 161 173
13516 161 161
13591 141 161
13620 141 141
13655 141 141
13733 141 141
14257 141 141
14401 139 141
14435 137 139
14611 187 137
14655 285 137
14746 27325 137
14749 25759 137
14790 25899 137
14811 25353 137
14874 25173 137
14899 24997 137
14939 21197 137
14967 21187 137
14982 18973 137
15022 18947 137
15028 17483 137
15059 17027 137
15062 15939 137
15070 15099 137
15091 15099 137
15128 14707 137
15190 14655 137
15207 14523 137
15247 14235 137
15256 14031 137
15268 13995 137
15300 13979 137
15318 13909 137
15339 13711 137
15345 12655 137
15389 12575 137
15402 11279 137
15413 11079 137
15424 10969 137
15432 10039 137
15438 10039 137
15458 9991 137
15480 8731 137
15539 8659 137
15650 8659 137
15725 8449 137
15731 8449 137
15734 8449 137
15777 8421 137
15801 8271 137
15872 8181 137
15893 7713 137
15896 7645 137
15947 7608 137
16215 7608 137
16253 7488 137
16283 7472 137
16330 7292 137
16341 7238 137
16366 7238 137
16407 7222 137
16482 6934 137
16504 6910 137
16579 6882 137
16586 6882 137
16732 6396 137
16737 6270 137
16740 6022 137
16743 4942 137
16753 4942 137
16763 4756 137
16852 4273 137
16869 3993 137
16873 3957 137
16885 3957 137
16934 4236 137
16993 4206 137
17079 4206 137
17090 4186 137
17116 4114 137
17181 4066 137
17276 3886 137
17303 3802 137
17338 3382 137
17346 3198 137
17351 3198 137
17370 3149 137
17371 3113 137
17394 2897 137
17487 2897 137
17502 2777 137
17522 2761 137
17543 2761 137
17571 2761 137
17740 2645 137
17796 2449 137
17835 2449 137
17968 2431 137
18004 2411 137
18045 1859 137
18149 1859 137
18166 1729 137
18298 1349 137
18375 1349 137
18387 1289 137
18492 1265 137
18611 1241 137
18821 1061 137
19000 1057 137
19127 1057 137
19209 1049 137
19235 977 137
19493 921 137
19592 921 137
19617 915 137
19618 867 137
19633 831 137
19709 813 137
19758 773 137
19834 749 137
19868 723 137
20041 691 137
20417 687 137
20443 651 137
20594 651 137
20795 651 137
20812 627 137
20894 613 137
21018 609 137
21077 605 137
21140 605 137
21210 603 137
21217 599 137
21231 575 137
21332 519 137
21337 444 137
21339 436 137
21424 415 137
21467 412 137
21495 407 137
21609 407 137
21656 407 137
21701 407 137
21903 407 137
22198 407 137
22205 400 137
22216 400 137
22307 400 137
22364 400 137
22404 400 137
22537 400 137
22570 400 137
22645 365 137
22892 361 137
22911 346 137
22920 346 137
23043 346 137
23315 338 137
23436 338 137
23562 334 137
23743 312 137
23787 312 137
24270 292 137
24666 290 137
24999 290 137
25124 280 137
25156 280 137
25178 277 137
25421 241 137
25592 237 137
25810 235 137
26106 235 137
26113 234 137
26238 202 137
26261 202 137
26542 202 137
26564 185 137
26591 185 137
26592 183 137
26624 183 137
26813 177 137
26946 177 137
26966 177 137
27224 177 137
27379 177 137
27423 177 137
27745 177 137
27772 177 137
27812 177 137
28106 174 137
28235 174 137
28251 174 137
28296 174 137
28448 173 137
28527 173 137
28535 173 137
28659 173 137
28681 173 137
28753 159 137
28821 155 137
29252 155 137
29366 155 137
29440 155 137
29532 155 137
29698 153 137
29699 153 137
29716 147 137
29910 145 137
30918 145 137
31048 137 137
31225 137 137
31455 133 137
31603 125 133
31874 125 125
31908 123 125
31919 123 123
31949 115 123
32062 115 115
32376 115 115
32413 115 115
32555 115 115
32923 115 115
33106 115 115
33597 115 115
33710 115 115
34047 111 115
34076 111 111
34252 111 111
34487 110 111
34611 110 110
34648 102 110
34665 102 102
34747 98 102
35069 94 98
35100 94 94
35242 94 94
35371 94 94
35443 94 94
35566 94 94
35695 94 94
35922 94 94
36266 94 94
36383 16222 94
36403 16222 94
36410 16224 94
36420 16226 94
36459 15394 94
36542 15233 94
36584 15233 94
36624 14421 94
36634 14394 94
36666 21282 94
36678 20848 94
36684 19248 94
36685 19008 94
36704 18972 94
36725 18048 94
36776 15948 94
36800 15748 94
36809 15540 94
36827 15410 94
36835 14528 94
36846 14498 94
36888 14507 94
37008 14595 94
37017 14425 94
37027 13465 94
37063 13165 94
37067 12829 94
37071 12801 94
37072 12786 94
37096 12338 94
37098 10960 94
37101 10976 94
37116 10956 94
37198 10900 94
37224 10900 94
37235 10900 94
37258 10669 94
37272 17665 94
37399 17587 94
37422 17451 94
37424 16191 94
37429 15351 94
37448 14727 94
37458 14415 94
37483 14415 94
37494 14597 94
37503 14597 94
37535 14597 94
37539 14597 94
37575 14467 94
37582 14293 94
37607 13971 94
37649 13707 94
37658 13467 94
37674 13089 94
37683 12873 94
37684 12477 94
37686 11869 94
37695 11725 94
37721 11725 94
37815 10325 94
37848 10173 94
37864 10173 94
37883 10173 94
37885 9921 94
37992 9687 94
38000 9627 94
38051 9515 94
38058 9499 94
38157 9439 94
38159 8764 94
38253 8758 94
38260 8728 94
38313 8308 94
38318 8048 94
38327 7843 94
38377 6959 94
38428 6905 94
38449 6902 94
38481 6602 94
38501 6544 94
38507 6310 94
38536 6310 94
38587 6302 94
38672 5942 94
38690 5825 94
38694 5781 94
38738 5581 94
38741 4767 94
38798 4715 94
38803 4515 94
38819 4471 94
38882 4359 94
38887 4359 94
38920 4359 94
38927 4263 94
38943 4257 94
39038 4257 94
39116 4161 94
39155 4161 94
39195 4161 94
39221 4161 94
39256 4157 94
39268 3661 94
39276 3517 94
39280 3517 94
39312 3517 94
39364 3097 94
39470 3087 94
39503 3027 94
39533 2907 94
39543 2863 94
39547 2673 94
39567 2643 94
39618 2631 94
39628 2407 94
39671 2305 94
39684 2263 94
39743 2209 94
39895 2209 94
39902 2009 94
40046 1793 94
40139 1529 94
40271 1505 94
40277 1505 94
40318 1321 94
40614 1321 94
40766 1285 94
40800 1285 94
40832 1277 94
40867 1253 94
40986 1213 94
41062 1213 94
41123 1171 94
41139 1131 94
41167 1131 94
41184 1091 94
41202 1091 94
41223 1028 94
41230 1012 94
41306 1012 94
41414 1010 94
41474 962 94
41500 962 94
41687 962 94
41756 946 94
41876 944 94
41967 938 94
42024 918 94
42046 898 94
42063 888 94
42083 804 94
42134 792 94
42250 782 94
42341 782 94
42357 778 94
42575 778 94
42589 778 94
42704 778 94
42756 778 94
42866 744 94
43063 725 94
43334 673 94
43425 673 94
43461 637 94
43488 589 94
43652 577 94
43784 569 94
43815 541 94
43861 541 94
43917 529 94
43971 529 94
44006 509 94
44195 473 94
44206 473 94
44264 473 94
44396 465 94
44524 449 94
44577 449 94
44745 425 94
44839 383 94
45020 377 94
45278 377 94
45370 377 94
45392 373 94
45454 371 94
45501 369 94
45569 365 94
45616 359 94
45727 359 94
45764 331 94
45775 331 94
45859 323 94
46035 319 94
46076 315 94
46391 315 94
46567 291 94
46877 289 94
46985 289 94
47025 277 94
47224 277 94
47262 277 94
47393 265 94
47420 250 94
47454 248 94
48022 243 94
48097 235 94
48126 235 94
48203 214 94
48488 208 94
48504 208 94
48741 192 94
48855 189 94
49171 189 94
49205 189 94
49320 189 94
49337 189 94
49345 189 94
49437 189 94
49462 187 94
49463 177 94
49931 177 94
50106 175 94
50118 163 94
50143 163 94
50349 157 94
50427 143 94
50515 143 94
50589 135 94
51068 135 94
51498 135 94
51513 135 94
51541 135 94
51588 135 94
51783 131 94
51849 127 94
52227 127 94
52349 127 94
52631 119 94
52638 119 94
52757 115 94
52797 115 94
53327 111 94
53588 111 94
53790 111 94
53808 101 94
53973 101 94
54031 101 94
54251 99 94
54530 99 94
54728 91 94
54945 85 91
55204 78 85
55380 78 78
55557 78 78
55627 76 78
55667 68 76
55784 68 68
55929 60 68
56461 60 60
56593 60 60
56799 60 60
56806 58 60
56868 58 58
57109 58 58
57303 54 58
57476 54 54
57501 54 54
57765 54 54
57896 54 54
57945 54 54
58012 54 54
58149 54 54
58176 54 54
58203 54 54
58517 54 54
58944 54 54
59672 54 54
59691 46 54
59771 46 46
59890 44 46
60070 44 44
60282 44 44
60453 44 44
60463 44 44
60778 44 44
61060 44 44
61175 44 44
61514 44 44
61594 44 44
61788 42 44
61895 42 42
61962 42 42
61976 40 42
61993 40 40
62040 40 40
62079 40 40
62120 40 40
62299 40 40
62711 38 40
62753 38 38
62761 38 38
62777 38 38
63465 38 38
63509 38 38
63939 38 38
64058 38 38
64441 36 38
64813 36 36
65080 36 36
65129 35 36
66202 35 35
66313 35 35
66384 31 35
66608 31 31
66835 31 31
66844 31 31
67797 31 31
67926 31 31
67930 31 31
68003 31 31
68036 31 31
68373 3875 31
68462 3659 31
68484 11227 31
68490 11083 31
68506 10463 31
68531 10407 31
68574 10131 31
68577 9291 31
68587 9039 31
68599 8999 31
68785 8354 31
68809 8264 31
68858 7904 31
68953 7504 31
68956 7464 31
69012 7284 31
69053 7053 31
69147 7005 31
69172 6829 31
69202 6745 31
69271 5905 31
69273 5769 31
69278 5715 31
69304 5709 31
69419 5445 31
69440 5433 31
69450 5313 31
69490 5223 31
69504 5227 31
69528 4525 31
69551 4429 31
69559 4381 31
69588 4361 31
69595 4361 31
69596 4301 31
69598 4213 31
69628 4101 31
69649 4071 31
69651 4225 31
69663 4218 31
69671 4090 31
69673 4070 31
69689 4070 31
69697 4292 31
69705 4231 31
69727 4079 31
69728 4079 31
69817 3771 31
69888 3563 31
69939 3563 31
70006 3561 31
70108 3549 31
70147 3349 31
70247 3109 31
70484 3005 31
70541 2909 31
70585 2909 31
70635 2909 31
70741 2861 31
70758 2809 31
70801 2669 31
70850 2633 31
70874 2633 31
70939 2553 31
70980 2393 31
71187 2393 31
71211 2323 31
71246 2239 31
71296 2239 31
71318 2201 31
71332 2197 31
71486 2197 31
71516 2193 31
71518 2065 31
71635 2049 31
71654 2025 31
71741 2265 31
71794 2265 31
71808 2139 31
72034 2011 31
72094 1981 31
72121 1901 31
72154 1901 31
72158 1811 31
72167 1775 31
72241 1759 31
72301 1679 31
72357 1679 31
72376 1675 31
72411 1675 31
72420 1659 31
72472 1659 31
72589 1659 31
72684 1654 31
72768 1630 31
72846 1630 31
72893 1630 31
72943 1625 31
72951 1619 31
73008 1619 31
73020 1539 31
73038 1535 31
73209 1435 31
73211 1395 31
73314 1359 31
73474 1359 31
73615 1345 31
73633 1343 31
73712 1303 31
73715 1303 31
73771 1287 31
73954 1089 31
74052 1074 31
74136 984 31
74145 984 31
74152 960 31
74248 900 31
74286 900 31
74377 876 31
74452 876 31
74480 731 31
74699 731 31
74810 731 31
74823 729 31
74877 717 31
74882 661 31
75014 649 31
75103 649 31
75144 601 31
75232 532 31
75317 526 31
75372 526 31
75407 526 31
75772 510 31
75831 510 31
75884 510 31
75987 510 31
76033 506 31
76128 506 31
76147 502 31
76234 502 31
76237 502 31
76331 502 31
76424 502 31
76527 502 31
76628 500 31
76656 470 31
76660 430 31
76685 374 31
76782 372 31
76813 372 31
77109 372 31
77276 372 31
77336 364 31
77511 348 31
77521 342 31
77564 324 31
77700 318 31
77728 318 31
77767 316 31
77976 296 31
78023 284 31
78397 284 31
78471 266 31
78509 266 31
78526 258 31
79034 258 31
79269 218 31
79302 216 31
79445 216 31
79632 197 31
79720 197 31
79756 197 31
79776 197 31
79961 197 31
80002 193 31
80104 185 31
80201 185 31
80713 179 31
80952 171 31
81402 163 31
81486 160 31
81539 160 31
81623 159 31
81691 159 31
82028 151 31
82096 151 31
82304 151 31
82319 151 31
82688 151 31
82709 151 31
82796 149 31
82892 147 31
82963 141 31
82964 140 31
83231 132 31
83444 130 31
83489 116 31
83563 114 31
83813 114 31
84105 114 31
84501 110 31
84551 110 31
84651 110 31
84823 110 31
84906 110 31
84989 110 31
85542 102 31
85654 102 31
85689 102 31
85947 102 31
85982 102 31
86182 90 31
86188 88 31
86438 86 31
86781 86 31
86969 86 31
87153 86 31
87492 86 31
87835 86 31
87862 80 31
88047 80 31
88189 80 31
88490 80 31
88679 76 31
89436 76 31
89678 76 31
89696 76 31
89728 76 31
89934 76 31
89942 76 31
90630 76 31
90755 76 31
91185 76 31
91366 76 31
91420 76 31
91753 76 31
92042 76 31
92229 76 31
92232 76 31
92436 60 31
92454 60 31
92495 60 31
92593 60 31
92724 60 31
92837 59 31
92918 59 31
93102 59 31
93373 55 31
93593 53 31
93747 53 31
93817 51 31
93883 51 31
93906 50 31
94157 50 31
94163 47 31
94780 47 31
95175 47 31
95847 47 31
95969 47 31
96034 47 31
96254 47 31
96881 47 31
97149 47 31
97170 40 31
97378 40 31
97418 40 31
97642 40 31
97949 40 31
98319 40 31
98400 40 31
99048 40 31
99149 40 31
99348 40 31
99841 40 31
100252 40 31
100264 40 31
100534 40 31
101072 40 31
101268 37 31
101534 37 31
101979 37 31
102099 33 31
102311 31 31
102355 29 31
102540 29 29
102625 29 29
102912 29 29
103030 29 29
103096 27 29
103647 27 27
103754 27 27
103812 27 27
104033 26 27
104380 24 26
104381 24 24
104435 24 24
105029 24 24
105404 24 24
105440 24 24
105777 24 24
105782 24 24
106076 24 24
106227 24 24
106404 24 24
106488 24 24
106514 24 24
106778 24 24
106788 24 24
106808 24 24
107456 24 24
107815 24 24
108068 24 24
108457 24 24
108564 18 24
108879 18 18
109116 18 18
109153 18 18
109332 18 18
109354 18 18
110269 18 18
110418 18 18
110624 18 18
111921 18 18
112468 18 18
112664 18 18
113116 18 18
113265 18 18
113471 18 18
114211 18 18
114346 18 18
114503 18 18
114619 18 18
114779 18 18
114830 18 18
115707 20 18
115732 20 18
115769 44 18
115777 44 18
115906 56 18
116018 436 18
116091 412 18
116099 364 18
116258 368 18
116285 372 18
116481 372 18
116485 1302 18
116640 2958 18
116719 2934 18
116752 2830 18
116773 2670 18
116779 2560 18
116782 2528 18
117056 2528 18
117062 2528 18
117200 2332 18
117225 2302 18
117258 2294 18
117267 2198 18
117282 2180 18
117304 2102 18
117348 2102 18
117433 2074 18
117451 2045 18
117480 1993 18
117535 1993 18
117567 1965 18
117580 1853 18
117601 1821 18
117639 1803 18
117767 1531 18
117769 1399 18
117815 1367 18
117835 1357 18
117928 1293 18
117934 1293 18
117954 1285 18
118047 1285 18
118056 1285 18
118077 1263 18
118382 1255 18
118477 1245 18
118770 1452 18
118825 1344 18
118892 1686 18
118965 1646 18
119055 1566 18
119082 1566 18
119103 1516 18
119316 1516 18
119395 1496 18
119589 1478 18
119594 1478 18
119684 1466 18
119792 1442 18
119933 1378 18
119988 1378 18
120001 1370 18
120031 1370 18
120157 1367 18
120215 1355 18
120250 1347 18
120417 1319 18
120483 1316 18
120626 1272 18
120791 1272 18
120830 1256 18
120973 1214 18
121107 1228 18
121163 1228 18
121197 1180 18
121235 1148 18
121444 1148 18
121455 1148 18
121468 1132 18
121561 1064 18
121594 1064 18
121613 1064 18
121707 1040 18
121728 1040 18
121819 1040 18
121836 1031 18
121843 1003 18
121972 1001 18
122036 886 18
122383 760 18
122417 712 18
122470 712 18
122611 712 18
122764 702 18
122846 702 18
123069 702 18
123201 672 18
123225 608 18
123244 590 18
123318 590 18
123621 590 18
123732 590 18
123734 590 18
123786 566 18
123902 566 18
123967 566 18
124086 554 18
124167 542 18
124189 502 18
124264 502 18
124330 502 18
124388 496 18
124451 496 18
124701 460 18
124738 430 18
125023 422 18
125211 402 18
125286 386 18
125466 386 18
125478 382 18
125629 370 18
125724 364 18
125798 310 18
125847 310 18
126180 290 18
126188 286 18
126252 286 18
126412 286 18
126596 286 18
126645 286 18
126715 246 18
126736 246 18
126747 236 18
126761 236 18
126963 236 18
127177 228 18
127476 228 18
127677 196 18
128082 178 18
128088 178 18
128101 170 18
128129 154 18
128223 146 18
128242 141 18
128380 133 18
128611 132 18
128629 129 18
128681 129 18
129634 129 18
129792 117 18
129893 111 18
129920 111 18
130075 105 18
130386 102 18
130517 100 18
130541 100 18
130727 96 18
130745 96 18
130749 96 18
131041 96 18
131119 96 18
131331 96 18
131382 96 18
132065 96 18
132376 96 18
132514 92 18
133129 92 18
133348 84 18
133455 84 18
133605 84 18
133696 84 18
133714 84 18
133867 84 18
134262 84 18
134348 82 18
134391 76 18
134548 76 18
134777 76 18
134945 76 18
134958 76 18
135207 76 18
135283 76 18
135650 76 18
136037 76 18
136095 76 18
136152 76 18
136615 76 18
137132 74 18
137175 74 18
137242 74 18
137544 74 18
137623 74 18
137716 74 18
138607 74 18
138608 72 18
138756 72 18
138815 72 18
138920 68 18
139017 68 18
139127 62 18
139134 62 18
139401 62 18
139438 58 18
139473 58 18
139480 58 18
139542 58 18
139645 58 18
139882 58 18
140663 58 18
141135 58 18
141169 58 18
141228 58 18
141274 58 18
141385 58 18
141553 58 18
141676 51 18
141688 51 18
141850 51 18
141919 51 18
142795 51 18
142805 51 18
142960 51 18
143770 47 18
143787 47 18
143926 46 18
143957 46 18
144401 42 18
144457 40 18
144618 40 18
144819 40 18
145081 40 18
145193 40 18
145371 40 18
145981 40 18
146292 40 18
146783 40 18
146869 40 18
147233 40 18
147260 40 18
147436 40 18
147564 40 18
147667 40 18
147800 39 18
148133 39 18
148949 37 18
149502 35 18
149798 35 18
149819 31 18
149999 31 18
150124 31 18
150601 31 18
150989 31 18
151706 31 18
152706 31 18
152882 31 18
153205 31 18
154259 29 18
154607 29 18
154851 29 18
154874 29 18
155053 29 18
155141 29 18
155262 27 18
155900 27 18
156237 27 18
156865 27 18
157330 27 18
157337 27 18
158314 27 18
158729 27 18
158748 25 18
159191 23 18
159632 23 18
159668 23 18
159813 23 18
160069 23 18
160179 23 18
160262 23 18
161454 22 18
161497 22 18
161581 22 18
161935 22 18
162050 22 18
162080 22 18
162385 22 18
162842 20 18
163456 20 18
163945 20 18
164155 20 18
164208 20 18
164210 20 18
164448 20 18
164699 20 18
165049 20 18
165114 20 18
165155 20 18
165637 20 18
166076 20 18
166494 20 18
166504 20 18
166956 20 18
167267 20 18
167298 20 18
167326 20 18
167463 20 18
167596 20 18
167986 20 18
168540 16 18
168744 16 16
169601 16 16
169606 16 16
170217 16 16
170715 16 16
170827 16 16
171713 16 16
171794 16 16
171933 16 16
172070 16 16
172342 16 16
172620 16 16
172669 16 16
172745 16 16
173432 16 16
173784 16 16
173813 16 16
174084 16 16
175267 16 16
175423 16 16
176242 16 16
176291 16 16
176372 16 16
176469 16 16
176530 16 16
176973 16 16
177091 16 16
177485 16 16
178183 16 16
178185 16 16
178553 15 16
178576 15 15
178709 15 15
178965 15 15
179267 15 15
179380 15 15
179733 15 15
179763 15 15
180274 15 15
180526 15 15
180733 15 15
181096 14 15
181437 14 14
182133 14 14
182663 14 14
183023 14 14
183091 14 14
183119 14 14
184221 14 14
184268 14 14
185488 18 14
185539 18 14
185562 20 14
185759 20 14
185798 20 14
185930 20 14
186016 20 14
186266 20 14
186472 20 14
186720 20 14
187344 20 14
187692 20 14
187838 20 14
187891 20 14
188092 20 14
188525 20 14
188715 20 14
188811 20 14
188822 20 14
189394 20 14
189485 20 14
189527 20 14
189648 20 14
190444 20 14
190700 20 14
190911 20 14
190917 17 14
191210 17 14
191755 17 14
191933 17 14
191972 17 14
192017 17 14
192374 17 14
192537 41 14
192554 41 14
192863 41 14
192921 41 14
193257 41 14
193278 41 14
193500 41 14
193940 41 14
193944 41 14
194033 41 14
194136 41 14
195267 41 14
195427 41 14
195580 41 14
195864 39 14
196411 39 14
197020 37 14
197413 37 14
197697 37 14
197821 35 14
197954 35 14
198163 35 14
198256 35 14
198306 35 14
198450 33 14
198674 31 14
198749 31 14
198960 30 14
199565 30 14
199945 30 14
200131 30 14
200205 28 14
200277 27 14
200656 27 14
200869 27 14
201088 27 14
201494 27 14
202115 27 14
202253 27 14
202686 27 14
202716 23 14
203322 23 14
203953 23 14
204001 23 14
204087 23 14
204567 23 14
204688 23 14
204732 23 14
204907 23 14
205371 19 14
206169 19 14
206942 19 14
207055 19 14
207087 19 14
207144 19 14
207188 19 14
207246 19 14
207386 19 14
207775 19 14
208038 19 14
208190 19 14
208264 19 14
208805 19 14
208906 19 14
208972 19 14
209112 19 14
209323 19 14
209855 19 14
210732 19 14
211110 19 14
211149 19 14
211347 19 14
211657 19 14
211932 19 14
212625 19 14
212640 19 14
212714 19 14
212858 19 14
213067 19 14
213322 19 14
213959 19 14
214332 19 14
214404 19 14
214581 19 14
214950 19 14
215057 19 14
215340 19 14
217190 19 14
217920 19 14
217923 19 14
217994 19 14
218129 19 14
218289 17 14
218768 17 14
220221 17 14
220281 17 14
220414 17 14
220621 17 14
220694 17 14
221584 17 14
221829 17 14
222460 17 14
222653 17 14
222774 17 14
223404 17 14
223539 17 14
224082 17 14
224652 17 14
225613 17 14
225784 17 14
226026 17 14
226162 17 14
226315 17 14
226352 17 14
226698 17 14
226836 17 14
227461 17 14
227672 17 14
227908 17 14
227990 16 14
228655 16 14
228710 16 14
229196 16 14
229912 16 14
229949 16 14
230261 16 14
230341 16 14
230350 16 14
230847 16 14
231965 16 14
232211 16 14
232537 16 14
233326 16 14
233427 14 14
233601 14 14
234460 14 14
235060 14 14
235502 13 14
235842 13 13
235985 13 13
236342 13 13
237066 13 13
237178 13 13
237722 13 13
238022 13 13
238870 13 13
239291 13 13
240307 13 13
240388 13 13
240391 13 13
240712 13 13
241035 13 13
241102 13 13
241425 13 13
241540 13 13
241810 13 13
241865 13 13
241874 13 13
242547 13 13
243091 13 13
243862 13 13
245277 11 13
245354 11 11
246275 11 11
247606 10 11
248443 10 10
248504 10 10
249372 10 10
249610 10 10
249743 10 10
249857 10 10
250014 10 10
250401 10 10
251064 10 10
251248 10 10
251688 10 10
251699 10 10
251975 10 10
252135 10 10
252314 10 10
252681 10 10
252774 10 10
252934 10 10
253194 10 10
253331 10 10
255474 10 10
256023 10 10
256338 10 10
256349 10 10
256460 10 10
256730 10 10
257136 10 10
258161 10 10
259167 10 10
259336 10 10
260026 10 10
260157 10 10
260725 10 10
260844 10 10
260902 10 10
261063 10 10
261143 10 10
261168 10 10
261268 10 10
261329 10 10
261411 10 10
261879 10 10
262095 10 10
262308 10 10
262595 10 10
262913 10 10
262958 10 10
263676 10 10
263882 10 10
264283 10 10
265039 10 10
265081 10 10
265870 10 10
265889 10 10
267521 10 10
267583 10 10
267609 10 10
267687 10 10
268727 10 10
268843 10 10
269089 10 10
269723 10 10
269755 10 10
270586 10 10
270952 10 10
271030 10 10
271430 10 10
271532 10 10
272000 10 10
272720 8 10
272726 8 8
273009 8 8
273385 8 8
273903 8 8
273971 8 8
274464 8 8
275118 8 8
275167 8 8
275577 8 8
275585 8 8
275879 8 8
276037 8 8
276151 8 8
276904 8 8
277307 8 8
277737 8 8
278713 8 8
278998 8 8
279604 8 8
280985 8 8
281004 8 8
281522 8 8
282279 8 8
283447 8 8
283801 8 8
283968 8 8
284766 8 8
286244 8 8
286245 8 8
286289 8 8
286748 8 8
287275 8 8
287475 8 8
287511 8 8
287657 8 8
287889 8 8
287948 10 8
288035 10 8
288417 10 8
288891 10 8
288979 94 8
289305 84 8
289866 76 8
290020 76 8
290071 76 8
290106 76 8
290154 72 8
290237 72 8
290280 72 8
290716 67 8
290947 67 8
290951 67 8
291557 67 8
291605 67 8
291827 63 8
292028 31 8
292039 31 8
292132 31 8
292250 31 8
292289 31 8
292368 31 8
292871 29 8
292932 23 8
293463 23 8
293680 23 8
293814 23 8
294121 23 8
294236 23 8
294256 23 8
294427 23 8
294630 23 8
294730 23 8
295106 21 8
295200 21 8
295299 21 8
295349 21 8
295502 21 8
296601 21 8
296765 21 8
297427 21 8
297853 21 8
297914 21 8
298154 21 8
298225 21 8
298255 21 8
298313 21 8
298600 21 8
298991 21 8
299118 21 8
299131 21 8
299699 21 8
300094 21 8
300596 19 8
301105 19 8
301282 19 8
301363 19 8
301478 19 8
301832 19 8
302081 19 8
302156 19 8
302461 19 8
302841 19 8
302922 19 8
303030 19 8
303423 19 8
303612 19 8
303974 19 8
304011 19 8
304486 19 8
304526 19 8
304548 19 8
304630 19 8
304888 17 8
305218 17 8
305300 17 8
305739 17 8
306574 17 8
306670 17 8
306867 17 8
306978 17 8
307036 17 8
307882 17 8
308100 17 8
308320 17 8
308629 17 8
308986 17 8
309491 17 8
309783 17 8
309816 17 8
310122 17 8
310919 17 8
310982 17 8
311256 17 8
312736 17 8
313495 17 8
313863 17 8
313965 17 8
314168 17 8
314194 17 8
314923 17 8
315008 17 8
315371 17 8
315931 17 8
316019 17 8
316046 17 8
316123 17 8
316709 17 8
317011 17 8
317740 17 8
317867 17 8
318114 17 8
318163 17 8
318584 17 8
318806 17 8
319238 17 8
319447 17 8
319750 17 8
319937 17 8
320080 17 8
320158 16 8
320571 16 8
320729 16 8
321222 16 8
321276 16 8
321283 16 8
321324 12 8
321453 12 8
321600 12 8
321607 12 8
322380 12 8
323580 12 8
323798 12 8
324150 12 8
324475 12 8
325912 12 8
326603 12 8
326708 12 8
326810 12 8
326974 12 8
326999 12 8
327118 12 8
328158 12 8
328621 12 8
328735 12 8
328794 12 8
328941 12 8
329740 12 8
329832 12 8
330775 12 8
331267 12 8
331387 12 8
331608 12 8
331626 12 8
331784 12 8
331793 12 8
331856 12 8
332080 12 8
332392 12 8
332598 12 8
332907 12 8
332921 12 8
333389 8 8
333417 8 8
333682 8 8
333751 8 8
334298 8 8
334501 8 8
334823 8 8
335054 8 8
335405 8 8
336047 8 8
336063 8 8
336497 8 8
336978 8 8
337444 8 8
338276 8 8
338720 8 8
339106 8 8
339304 8 8
339323 8 8
339979 8 8
340819 8 8
341085 8 8
341808 8 8
342042 8 8
342417 7 8
342810 7 7
343278 7 7
343466 7 7
343990 7 7
344144 7 7
344369 7 7
344537 7 7
345607 7 7
346023 7 7
346110 7 7
346399 7 7
346417 7 7
347207 7 7
347909 7 7
347966 7 7
348001 7 7
348005 7 7
348113 7 7
348328 7 7
348876 7 7
349721 7 7
350335 7 7
350513 7 7
351305 7 7
352067 7 7
352104 7 7
352423 7 7
352515 7 7
352605 7 7
352871 7 7
353207 7 7
353355 7 7
353689 7 7
353860 7 7
353862 7 7
354184 7 7
354645 7 7
355233 7 7
355956 7 7
356345 7 7
356598 7 7
356625 7 7
357012 7 7
357499 7 7
358196 7 7
358347 7 7
358477 7 7
358587 7 7
359028 7 7
360052 7 7
360245 7 7
360280 7 7
360603 7 7
362526 7 7
362678 7 7
362998 7 7
363461 7 7
363842 7 7
364397 7 7
364779 7 7
365129 7 7
365140 7 7
366162 7 7
366173 7 7
367102 7 7
367115 7 7
367177 7 7
368044 7 7
368264 7 7
368397 7 7
368524 7 7
369633 7 7
371398 7 7
371762 7 7
372510 7 7
372521 7 7
372581 7 7
372938 7 7
372956 7 7
372958 7 7
373578 7 7
373766 7 7
373889 7 7
374268 7 7
374482 7 7
374693 7 7
375835 7 7
376001 7 7
376134 7 7
376330 7 7
376429 7 7
376478 7 7
376613 7 7
376939 7 7
377121 7 7
377614 7 7
377738 7 7
377822 7 7
378482 7 7
378642 7 7
379030 7 7
379323 7 7
380137 7 7
380225 7 7
380577 7 7
380665 7 7
380844 7 7
380935 7 7
381232 7 7
381243 7 7
382010 7 7
382039 7 7
382764 7 7
382946 7 7
383149 7 7
383284 7 7
383431 7 7
384048 7 7
384267 7 7
384367 7 7
384883 7 7
385300 7 7
385428 7 7
385678 7 7
386454 7 7
386702 7 7
387580 7 7
388492 7 7
389326 7 7
389338 7 7
389364 7 7
389506 7 7
389595 7 7
390572 7 7
390770 7 7
390989 7 7
391246 7 7
391676 7 7
391757 7 7
392115 7 7
392284 7 7
392438 7 7
392755 7 7
392821 7 7
393940 7 7
394113 7 7
394345 7 7
394406 7 7
394510 7 7
395911 7 7
396337 7 7
396939 7 7
397626 7 7
397676 7 7
398475 7 7
398533 7 7
398948 7 7
399094 7 7
399871 7 7
399907 7 7
400037 7 7
400423 7 7
400828 7 7
401402 7 7
401512 7 7
402162 7 7
402402 7 7
402499 7 7
402773 7 7
402865 7 7
403722 7 7
404056 7 7
404448 7 7
404687 7 7
405670 7 7
405787 7 7
405950 7 7
405956 7 7
406330 7 7
406777 7 7
407252 7 7
407281 7 7
407695 7 7
407894 7 7
408072 7 7
408307 7 7
408919 7 7
409111 7 7
409811 7 7
409843 7 7
410144 7 7
410529 7 7
410730 7 7
411083 7 7
413105 7 7
413158 7 7
413482 7 7
413875 7 7
414153 7 7
414824 7 7
415069 7 7
415519 7 7
415715 7 7
416085 7 7
416667 7 7
416744 7 7
417596 7 7
417692 7 7
418018 7 7
418707 7 7
418824 7 7
419318 7 7
419342 7 7
420392 7 7
421127 7 7
421202 7 7
421851 7 7
422255 7 7
422312 7 7
422632 7 7
422855 7 7
422968 7 7
423345 7 7
424148 7 7
424523 7 7
424892 7 7
425061 7 7
425212 7 7
426252 7 7
426722 7 7
427019 7 7
427051 7 7
427203 7 7
427539 7 7
427796 7 7
429146 7 7
429329 7 7
429428 7 7
430655 7 7
431005 7 7
431057 7 7
431127 7 7
431604 7 7
431727 7 7
431795 7 7
432022 7 7
432189 7 7
432417 7 7
433551 7 7
433748 7 7
434328 7 7
434530 7 7
434586 7 7
435272 7 7
435674 7 7
435911 7 7
436318 7 7
436369 7 7
436566 7 7
436919 7 7
436934 7 7
437412 7 7
437649 7 7
439081 23 7
439119 23 7
439149 23 7
439232 23 7
439244 23 7
440280 23 7
440689 7 7
440811 7 7
441494 7 7
441677 7 7
441833 97 7
442193 91 7
442486 91 7
442558 79 7
442693 77 7
443259 77 7
443702 77 7
443780 77 7
443838 77 7
444028 77 7
444277 77 7
444327 77 7
444458 73 7
445052 73 7
445118 73 7
445462 73 7
445696 67 7
446009 67 7
446114 67 7
446494 67 7
446651 61 7
447658 61 7
447950 61 7
448036 61 7
448058 61 7
448304 61 7
449417 61 7
450016 61 7
450536 61 7
450629 57 7
451103 57 7
451118 57 7
451380 57 7
451845 57 7
451919 57 7
452306 57 7
452340 57 7
452393 53 7
452582 53 7
452589 47 7
452624 47 7
452740 47 7
453356 47 7
453580 47 7
454189 47 7
454203 47 7
454343 47 7
454989 41 7
455019 41 7
455112 41 7
455146 41 7
455306 41 7
455509 41 7
455544 41 7
456308 39 7
456418 39 7
456510 39 7
456805 37 7
457151 37 7
457953 37 7
458156 37 7
458273 37 7
458518 35 7
459132 35 7
459281 35 7
459423 35 7
459696 35 7
459919 34 7
460011 34 7
460262 34 7
460887 34 7
461206 34 7
461422 34 7
461500 32 7
461683 30 7
461903 30 7
462174 22 7
462241 22 7
462659 22 7
462792 22 7
462834 22 7
463424 22 7
463450 22 7
463560 22 7
464007 22 7
464155 22 7
464323 22 7
464648 22 7
464834 22 7
464934 22 7
464973 22 7
465162 22 7
465359 22 7
465390 22 7
465499 19 7
465510 19 7
465609 19 7
465716 19 7
466061 19 7
466062 19 7
466129 19 7
466232 19 7
466408 19 7
467341 17 7
467879 17 7
468471 17 7
468714 17 7
468877 17 7
468942 17 7
469005 17 7
469124 15 7
470165 15 7
470311 15 7
470912 13 7
471115 13 7
471170 13 7
471177 13 7
472493 13 7
472693 13 7
472862 13 7
473008 13 7
473964 13 7
474239 13 7
474413 13 7
474424 13 7
474471 13 7
475228 13 7
475240 11 7
475250 11 7
476277 11 7
476829 11 7
477000 11 7
477492 11 7
477829 11 7
478729 11 7
479330 11 7
479519 11 7
479726 11 7
479944 11 7
480074 11 7
480079 11 7
480777 11 7
480977 11 7
481261 11 7
481465 11 7
481887 11 7
482750 11 7
482876 11 7
482902 11 7
483539 11 7
484201 11 7
484387 11 7
484445 11 7
484573 11 7
484890 11 7
485257 11 7
485674 11 7
486380 11 7
486570 11 7
486595 11 7
487095 11 7
487128 11 7
487742 11 7
487968 11 7
487985 11 7
488035 11 7
488298 11 7
488356 11 7
489107 11 7
489394 11 7
489417 11 7
489810 11 7
489830 11 7
489903 11 7
490043 11 7
490423 11 7
490803 11 7
491019 11 7
491315 11 7
491584 11 7
491618 11 7
491702 11 7
492075 11 7
492225 11 7
492234 11 7
492646 11 7
493224 11 7
493291 11 7
494514 11 7
494533 11 7
495144 11 7
495378 11 7
495527 11 7
495694 11 7
496320 11 7
496679 11 7
496705 11 7
497155 11 7
497456 11 7
498034 11 7
498041 11 7
498115 11 7
498177 11 7
498452 11 7
498715 11 7
498928 11 7
499293 11 7
499464 11 7
499531 11 7
500857 11 7
500939 11 7
502055 11 7
502089 11 7
502172 11 7
502179 11 7
502435 11 7
503208 11 7
503753 11 7
504349 11 7
505135 11 7
505148 11 7
505481 11 7
507167 11 7
507431 11 7
507621 11 7
508713 11 7
508782 11 7
508996 11 7
509191 11 7
510583 11 7
510678 11 7
510926 11 7
511095 11 7
511130 11 7
511168 11 7
511241 11 7
511720 11 7
512215 11 7
512877 11 7
512970 11 7
513106 11 7
513256 11 7
513358 11 7
513632 11 7
513697 11 7
513920 11 7
514567 11 7
514737 11 7
514780 11 7
514996 11 7
515361 11 7
516390 11 7
516987 11 7
517240 11 7
517383 11 7
518194 11 7
518309 11 7
518381 11 7
518913 11 7
519172 11 7
519223 10 7
520077 10 7
521171 10 7
521173 10 7
521836 10 7
522014 10 7
523033 10 7
523697 10 7
523875 10 7
524515 10 7
524609 10 7
524937 10 7
525363 10 7
525964 10 7
526020 10 7
526527 10 7
527152 10 7
527180 10 7
527382 10 7
527500 10 7
527946 10 7
528138 10 7
528695 10 7
529044 10 7
530358 10 7
531503 8 7
531869 8 7
531982 8 7
532389 8 7
532452 8 7
532480 8 7
532662 8 7
532852 8 7
533967 8 7
534070 8 7
535258 8 7
535390 8 7
536797 8 7
537362 8 7
538521 8 7
538597 8 7
538643 8 7
539295 8 7
539745 8 7
539817 8 7
540524 8 7
540941 8 7
541451 8 7
541474 8 7
541511 8 7
541569 8 7
541681 8 7
542363 8 7
542735 8 7
542838 8 7
543039 8 7
543107 8 7
543444 8 7
543693 8 7
544100 8 7
544426 8 7
545142 8 7
545280 8 7
547005 8 7
547240 8 7
547398 8 7
547419 8 7
548024 8 7
548478 8 7
548597 8 7
549188 8 7
549419 8 7
549567 8 7
549976 8 7
550208 8 7
550578 8 7
551113 8 7
551548 8 7
551634 8 7
552499 8 7
552625 8 7
553094 8 7
553959 8 7
554171 8 7
555070 8 7
556357 8 7
556963 8 7
558195 8 7
558332 8 7
558356 8 7
558485 8 7
558594 8 7
559005 8 7
559293 8 7
559346 8 7
560058 8 7
560069 8 7
560959 8 7
560979 8 7
561009 8 7
561073 8 7
561167 8 7
561608 8 7
561620 8 7
561707 8 7
563403 8 7
564107 8 7
564130 8 7
565873 8 7
566162 8 7
566262 8 7
566284 8 7
566338 8 7
566663 8 7
566955 8 7
567000 8 7
567060 8 7
567156 8 7
567382 8 7
567576 8 7
567699 8 7
567726 8 7
568239 8 7
568666 8 7
569296 8 7
569683 8 7
570047 8 7
570242 8 7
571304 8 7
571757 8 7
571955 8 7
572003 8 7
572286 8 7
572375 8 7
572954 8 7
574053 8 7
574073 8 7
574085 8 7
574309 8 7
574817 8 7
575138 8 7
575849 8 7
576285 8 7
578175 8 7
578222 8 7
578752 8 7
578948 8 7
579079 8 7
579280 8 7
579969 8 7
580182 8 7
580376 8 7
580379 8 7
580434 8 7
580647 8 7
581105 8 7
581375 8 7
581887 8 7
581974 8 7
582006 8 7
582097 8 7
582519 8 7
582553 8 7
582558 8 7
582568 8 7
583766 8 7
584129 8 7
584259 8 7
584435 8 7
584507 8 7
584526 8 7
584850 8 7
585345 8 7
585972 8 7
586821 8 7
586827 8 7
587195 8 7
587568 8 7
588060 8 7
588755 8 7
589387 8 7
589787 8 7
589893 8 7
589954 8 7
590107 8 7
590798 8 7
591411 8 7
591869 8 7
592128 8 7
592318 8 7
592396 8 7
593271 8 7
594101 8 7
594633 8 7
594975 8 7
595207 8 7
595301 8 7
595576 8 7
596453 8 7
597098 8 7
597196 8 7
597266 8 7
597560 8 7
598660 8 7
598792 8 7
599071 8 7
599449 8 7
599533 8 7
600149 8 7
601221 8 7
601260 8 7
601566 8 7
601670 8 7
602282 8 7
602361 8 7
602464 8 7
602508 8 7
603163 8 7
603288 8 7
603322 8 7
604129 8 7
604252 8 7
604270 8 7
604368 8 7
605167 8 7
605370 8 7
607075 8 7
607458 8 7
607488 8 7
607501 8 7
607512 8 7
607797 8 7
607991 8 7
608026 8 7
608955 8 7
608989 8 7
609221 8 7
609373 8 7
609678 8 7
610054 8 7
610193 6 7
