1 1820257750 1822497750
2 1819762934 1820257750
3 1805175559 1819762934
4 1805165439 1805175559
5 1804960455 1805165439
6 1804913359 1804960455
7 1786429411 1804913359
8 1782510167 1786429411
10 1780168113 1782510167
11 1772636913 1780168113
12 1770092805 1772636913
13 1767406989 1770092805
14 1764095167 1767406989
15 1762406839 1764095167
16 1734957081 1762406839
17 1734224193 1734957081
18 1733517809 1734224193
19 1727557511 1733517809
20 1714404931 1727557511
21 1694893795 1714404931
22 1692466103 1694893795
23 1683499079 1692466103
24 1683426743 1683499079
25 1668519131 1683426743
26 1668411491 1668519131
27 1656199403 1668411491
28 1655380907 1656199403
29 1640123647 1655380907
30 1638226307 1640123647
31 1634620931 1638226307
32 1634445607 1634620931
33 1627833865 1634445607
34 1602312361 1627833865
35 1593002233 1602312361
36 1582169673 1593002233
37 1582112073 1582169673
38 1581795899 1582112073
39 1578993475 1581795899
40 1573494313 1578993475
41 1565072169 1573494313
42 1551273337 1565072169
43 1545979727 1551273337
44 1523220463 1545979727
45 1517647555 1523220463
46 1512111249 1517647555
47 1496623469 1512111249
48 1493525737 1496623469
49 1486461985 1493525737
50 1486398185 1486461985
51 1467097267 1486398185
52 1467075835 1467097267
53 1466022923 1467075835
54 1465211298 1466022923
56 1460660274 1465211298
57 1458468834 1460660274
58 1451031030 1458468834
59 1446651160 1451031030
60 1428622892 1446651160
61 1419389356 1428622892
62 1415182756 1419389356
63 1412324316 1415182756
64 1398683032 1412324316
65 1396120684 1398683032
67 1378809964 1396120684
68 1366248868 1378809964
69 1365736873 1366248868
70 1357327105 1365736873
71 1332665035 1357327105
72 1332468435 1332665035
73 1321475571 1332468435
75 1312328517 1321475571
76 1309288202 1312328517
77 1309229002 1309288202
78 1308885022 1309229002
79 1281970512 1308885022
80 1280520112 1281970512
81 1279962004 1280520112
82 1276888504 1279962004
83 1268794228 1276888504
84 1266941728 1268794228
86 1265597708 1266941728
88 1263727874 1265597708
90 1263528122 1263727874
92 1262887338 1263528122
93 1259858932 1262887338
94 1238927035 1259858932
95 1238918595 1238927035
97 1237115875 1238918595
98 1233068075 1237115875
99 1230803765 1233068075
101 1226702245 1230803765
102 1226075293 1226702245
103 1217006949 1226075293
104 1212233253 1217006949
105 1205419677 1212233253
106 1176817245 1205419677
107 1176495613 1176817245
108 1167559101 1176495613
109 1155510501 1167559101
110 1155030469 1155510501
112 1149343788 1155030469
113 1148844042 1149343788
114 1135068282 1148844042
115 1112593991 1135068282
116 1111269083 1112593991
117 1108569325 1111269083
118 1108535193 1108569325
119 1107820281 1108535193
120 1102333081 1107820281
121 1091971461 1102333081
122 1087868011 1091971461
123 1083551771 1087868011
124 1075957645 1083551771
126 1067126105 1075957645
127 1063259161 1067126105
128 1059671641 1063259161
129 1057616241 1059671641
130 1054382761 1057616241
131 1051692361 1054382761
132 1050078697 1051692361
135 1043722697 1050078697
137 1043647710 1043722697
138 1040636742 1043647710
139 1037273676 1040636742
140 1030982820 1037273676
142 1027904346 1030982820
143 1026796932 1027904346
145 1026254012 1026796932
146 1019052860 1026254012
147 1014849660 1019052860
148 1012722510 1014849660
150 1009899582 1012722510
152 998035554 1009899582
154 997866366 998035554
155 996823166 997866366
157 995761308 996823166
158 993798243 995761308
159 993052883 993798243
161 991252655 993052883
162 984940943 991252655
163 978479345 984940943
164 978084405 978479345
165 977960325 978084405
168 977954725 977960325
169 975435553 977954725
170 958850047 975435553
172 958849127 958850047
173 949408223 958849127
175 949175823 949408223
176 944302955 949175823
177 931824587 944302955
179 930372797 931824587
180 930214901 930372797
181 927898613 930214901
182 925155455 927898613
183 918697674 925155455
184 918412142 918697674
185 904366354 918412142
186 903575450 904366354
187 901722382 903575450
188 899242170 901722382
189 880690394 899242170
191 874085162 880690394
196 873920330 874085162
198 872439434 873920330
199 871815206 872439434
201 867880190 871815206
202 867114558 867880190
203 847230804 867114558
205 846558660 847230804
206 833816896 846558660
207 832136028 833816896
208 831601302 832136028
209 828994896 831601302
210 822621456 828994896
211 820785792 822621456
212 818108144 820785792
213 814360400 818108144
215 814340124 814360400
216 802850436 814340124
217 802661316 802850436
220 799302056 802661316
223 789099452 799302056
224 785850812 789099452
225 783288944 785850812
227 777217632 783288944
229 767870708 777217632
231 760523560 767870708
233 758766166 760523560
234 754594206 758766166
235 751028082 754594206
236 750580642 751028082
240 750392374 750580642
241 746723462 750392374
243 737880926 746723462
244 737640770 737880926
245 737224068 737640770
246 730483140 737224068
247 728522730 730483140
248 728220840 728522730
249 718356878 728220840
250 713202638 718356878
251 710025506 713202638
252 709447236 710025506
253 709270415 709447236
254 709138291 709270415
255 704581816 709138291
256 699256691 704581816
257 699184895 699256691
258 692666825 699184895
259 684004025 692666825
262 667830795 684004025
263 666966495 667830795
264 655946109 666966495
265 651387773 655946109
266 647155937 651387773
268 644468341 647155937
270 643943005 644468341
271 629514165 643943005
272 627677661 629514165
274 623783085 627677661
276 623771125 623783085
278 619198518 623771125
279 611606118 619198518
280 610542598 611606118
281 610136518 610542598
283 599433804 610136518
284 596862956 599433804
286 594043738 596862956
288 593766592 594043738
289 588875860 593766592
290 587904340 588875860
291 569819926 587904340
292 566054486 569819926
295 555141188 566054486
296 554980878 555141188
300 550096858 554980878
302 549933674 550096858
303 541529654 549933674
304 540353622 541529654
306 535731158 540353622
309 534588093 535731158
310 534576344 534588093
311 521241344 534576344
313 521225159 521241344
315 517009439 521225159
316 514758707 517009439
317 509072672 514758707
319 508236784 509072672
320 503973448 508236784
321 492499656 503973448
324 492170560 492499656
325 485840320 492170560
326 485817102 485840320
329 478147230 485817102
333 462587706 478147230
334 462282558 462587706
335 461523966 462282558
338 446921762 461523966
341 446536874 446921762
344 443487514 446536874
345 443203474 443487514
346 442777928 443203474
348 439571812 442777928
349 436154602 439571812
350 435744052 436154602
351 435054382 435744052
352 434617190 435054382
353 434351078 434617190
354 433215800 434351078
355 432143660 433215800
358 431366576 432143660
359 429616256 431366576
361 422484628 429616256
362 419824384 422484628
363 419156276 419824384
366 418825604 419156276
367 413631464 418825604
368 407658588 413631464
370 407647500 407658588
372 406383765 407647500
374 401763747 406383765
375 399419183 401763747
376 397272881 399419183
377 396066697 397272881
378 388401897 396066697
379 382451931 388401897
383 380175195 382451931
385 369666003 380175195
389 368228819 369666003
390 367380947 368228819
391 366921587 367380947
392 365266375 366921587
394 361816495 365266375
396 361528675 361816495
398 361420987 361528675
399 357833395 361420987
400 355196390 357833395
403 353829044 355196390
404 348313690 353829044
405 339583958 348313690
407 333439370 339583958
409 332557236 333439370
410 331897632 332557236
415 325564992 331897632
417 323263552 325564992
418 323067100 323263552
420 323040476 323067100
421 322923620 323040476
426 321285445 322923620
427 320259013 321285445
428 317666533 320259013
429 317563861 317666533
430 315742873 317563861
432 308724955 315742873
433 307118083 308724955
435 305703103 307118083
436 297938631 305703103
437 296260703 297938631
438 290421503 296260703
440 290366819 290421503
441 289872179 290366819
443 289329819 289872179
445 286135353 289329819
447 285589505 286135353
450 281017357 285589505
451 276048067 281017357
453 273344809 276048067
456 273010279 273344809
457 268076339 273010279
458 263613787 268076339
459 263317777 263613787
460 261544775 263317777
461 255624375 261544775
462 246570789 255624375
466 238916505 246570789
467 237806779 238916505
469 234403296 237806779
471 233259920 234403296
472 232544783 233259920
475 231605819 232544783
476 231597251 231605819
477 230859563 231597251
481 226870763 230859563
484 225083627 226870763
485 223609251 225083627
491 223326381 223609251
493 223217547 223326381
496 222906447 223217547
497 219852879 222906447
498 219795531 219852879
501 214328091 219795531
503 213220496 214328091
504 211349308 213220496
505 210934956 211349308
506 210281784 210934956
510 206067494 210281784
511 204517672 206067494
514 194174584 204517672
515 193554744 194174584
517 193553912 193554744
519 189651872 193553912
522 189256490 189651872
525 186947226 189256490
527 186826664 186947226
528 186390580 186826664
529 184786574 186390580
532 183958192 184786574
535 181585520 183958192
536 181165365 181585520
537 181053065 181165365
538 180099077 181053065
539 176935437 180099077
541 176526989 176935437
543 176184441 176526989
545 173702465 176184441
546 172887345 173702465
548 171282885 172887345
550 170879709 171282885
551 166157349 170879709
554 166076149 166157349
558 164227159 166076149
559 162064271 164227159
563 159408497 162064271
564 156694385 159408497
567 150447030 156694385
569 143595185 150447030
570 143560745 143595185
573 142209213 143560745
577 142182861 142209213
578 140907111 142182861
582 140752326 140907111
584 139843482 140752326
586 139189430 139843482
587 138259270 139189430
588 135021502 138259270
589 134447824 135021502
590 133220344 134447824
591 131283964 133220344
594 124232092 131283964
598 122530204 124232092
600 118140356 122530204
602 115268420 118140356
606 114915830 115268420
609 114870253 114915830
610 110022439 114870253
612 108805239 110022439
613 106543799 108805239
615 106387895 106543799
616 105386423 106387895
619 105142823 105386423
622 104874109 105142823
624 101381029 104874109
627 101077693 101381029
630 99098485 101077693
632 97462585 99098485
639 97348255 97462585
640 95838895 97348255
641 93775583 95838895
642 93126233 93775583
643 92908145 93126233
645 92735857 92908145
646 88566409 92735857
647 87460787 88566409
652 86254637 87460787
654 85767297 86254637
656 85521233 85767297
657 85248089 85521233
658 85053321 85248089
660 84595045 85053321
663 83379409 84595045
671 83338489 83379409
672 83286865 83338489
674 81700237 83286865
677 81384429 81700237
678 77480189 81384429
681 77087699 77480189
682 77047499 77087699
684 76521091 77047499
687 75927763 76521091
691 75872513 75927763
692 75812089 75872513
696 75343297 75812089
698 75290881 75343297
701 72167659 75290881
702 71322507 72167659
704 69470987 71322507
705 68222087 69470987
708 67938089 68222087
709 67357289 67938089
713 66866377 67357289
714 64464593 66866377
715 61059461 64464593
716 60187461 61059461
721 60046125 60187461
727 60004931 60046125
730 59406879 60004931
731 59324719 59406879
732 59300095 59324719
733 58448361 59300095
735 58409081 58448361
741 58348121 58409081
742 56381731 58348121
743 56085611 56381731
747 55385417 56085611
749 54783783 55385417
750 54775775 54783783
751 54590775 54775775
752 53700093 54590775
754 53423697 53700093
756 53149017 53423697
761 52915469 53149017
763 52910873 52915469
768 52722521 52910873
770 51460169 52722521
772 51226793 51460169
778 50848259 51226793
780 50559815 50848259
788 50531413 50559815
789 50018545 50531413
797 42652185 50018545
798 42371391 42652185
799 42277071 42371391
806 39393967 42277071
814 39121844 39393967
818 38473754 39121844
821 38154754 38473754
825 38108734 38154754
826 37353444 38108734
828 37327332 37353444
831 37179588 37327332
833 37178196 37179588
834 36983320 37178196
835 36645360 36983320
836 36281560 36645360
842 35877112 36281560
843 34745728 35877112
844 34144330 34745728
847 33055744 34144330
854 31663164 33055744
857 31636222 31663164
858 31185178 31636222
864 30855626 31185178
865 29747286 30855626
867 29530706 29747286
869 28063674 29530706
871 26413994 28063674
873 25692634 26413994
874 24802976 25692634
875 24731674 24802976
876 24058780 24731674
881 23989828 24058780
884 23331268 23989828
885 21633034 23331268
889 21258418 21633034
893 21201346 21258418
897 21192098 21201346
898 21029408 21192098
899 20299718 21029408
900 19625750 20299718
902 19094237 19625750
904 19048949 19094237
905 18447733 19048949
907 18431871 18447733
909 17706523 18431871
912 17657713 17706523
913 17436793 17657713
916 17313089 17436793
919 17084609 17313089
922 16821535 17084609
928 16768465 16821535
930 16728763 16768465
934 16597131 16728763
937 15869523 16597131
942 15696403 15869523
947 15471135 15696403
950 15469815 15471135
956 15296565 15469815
957 15293205 15296565
960 15026085 15293205
961 14918677 15026085
962 14894359 14918677
963 14865153 14894359
964 14732449 14865153
966 14536293 14732449
968 14131833 14536293
969 13779440 14131833
977 13699340 13779440
979 13547636 13699340
980 13433156 13547636
982 13194428 13433156
987 13111720 13194428
992 13111720 13111720
993 13043960 13111720
998 13023640 13043960
1010 12916720 13023640
1011 11181970 12916720
1016 11001020 11181970
1019 10996700 11001020
1021 10796032 10996700
1023 10726828 10796032
1025 10642988 10726828
1029 10540748 10642988
1030 10312412 10540748
1037 9625908 10312412
1040 9344198 9625908
1041 9293618 9344198
1043 8577062 9293618
1052 8499257 8577062
1057 8373257 8499257
1069 8369801 8373257
1071 8326361 8369801
1079 8276223 8326361
1080 8131257 8276223
1087 8129577 8131257
1090 8071617 8129577
1094 7935663 8071617
1099 7893587 7935663
1108 7533731 7893587
1111 7521929 7533731
1117 7337679 7521929
1120 6004059 7337679
1129 5936607 6004059
1133 5899903 5936607
1148 5737913 5899903
1156 5729781 5737913
1164 5453817 5729781
1171 5449007 5453817
1174 5422871 5449007
1179 5312405 5422871
1184 5194645 5312405
1185 5155529 5194645
1187 5108097 5155529
1188 5067589 5108097
1192 4854033 5067589
1202 4820483 4854033
1211 4621673 4820483
1222 4544121 4621673
1223 4457785 4544121
1224 4283875 4457785
1225 4130725 4283875
1228 4030159 4130725
1230 3820591 4030159
1232 3818127 3820591
1236 3809627 3818127
1240 3793547 3809627
1249 3743699 3793547
1252 3627319 3743699
1257 3420859 3627319
1261 3325231 3420859
1274 3283279 3325231
1276 3279905 3283279
1280 3256665 3279905
1285 3236315 3256665
1288 3193041 3236315
1295 3113897 3193041
1304 2873072 3113897
1311 2816148 2873072
1316 2806838 2816148
1323 2793518 2806838
1340 2713148 2793518
1342 2698568 2713148
1344 2552618 2698568
1358 2462066 2552618
1363 2403682 2462066
1381 2362102 2403682
1386 2242006 2362102
1394 2237470 2242006
1395 2137072 2237470
1402 2083900 2137072
1405 2042260 2083900
1420 2038828 2042260
1422 2008340 2038828
1433 1868940 2008340
1442 1848604 1868940
1445 1830865 1848604
1457 1798745 1830865
1462 1778201 1798745
1472 1766649 1778201
1473 1689861 1766649
1478 1654973 1689861
1485 1605203 1654973
1487 1603058 1605203
1489 1602353 1603058
1495 1596732 1602353
1505 1450268 1596732
1514 1369106 1450268
1520 1361914 1369106
1528 1356054 1361914
1531 1355838 1356054
1548 1353946 1355838
1553 1309396 1353946
1570 1303247 1309396
1571 1294973 1303247
1591 1291439 1294973
1595 1288835 1291439
1607 1261665 1288835
1610 1261393 1261665
1627 1242717 1261393
1629 1222012 1242717
1633 1221727 1222012
1651 1193667 1221727
1664 1163247 1193667
1666 1159803 1163247
1673 1093683 1159803
1698 1077123 1093683
1703 1043411 1077123
1717 1042523 1043411
1744 1017719 1042523
1762 1016575 1017719
1763 1013439 1016575
1765 969149 1013439
1768 926309 969149
1775 890427 926309
1789 889843 890427
1813 889271 889843
1829 886859 889271
1831 880001 886859
1836 866405 880001
1839 743081 866405
1860 709481 743081
1862 705764 709481
1863 705668 705764
1891 690137 705668
1911 675089 690137
1915 671197 675089
1921 666017 671197
1936 666017 666017
1938 646921 666017
1942 646600 646921
1969 643168 646600
1973 636538 643168
1994 619888 636538
2004 603720 619888
2036 602248 603720
2052 592808 602248
2054 591062 592808
2074 590106 591062
2088 588598 590106
2109 570170 588598
2111 562718 570170
2122 557902 562718
2137 528638 557902
2156 526258 528638
2166 526258 526258
2171 524344 526258
2191 519556 524344
2222 516116 519556
2233 511298 516116
2249 507796 511298
2254 506710 507796
2264 506320 506710
2267 493890 506320
2269 490854 493890
2276 490546 490854
2289 448570 490546
2301 445034 448570
2354 437958 445034
2359 368770 437958
2394 365890 368770
2428 346750 365890
2429 338110 346750
2457 333708 338110
2474 330604 333708
2490 304792 330604
2496 303042 304792
2502 300962 303042
2504 298564 300962
2516 298342 298564
2571 297654 298342
2585 297622 297654
2596 285422 297622
2604 285318 285422
2626 283134 285318
2634 269724 283134
2637 265192 269724
2644 263270 265192
2649 263170 263270
2650 261910 263170
2651 257104 261910
2654 251740 257104
2666 251556 251740
2708 251556 251556
2739 250764 251556
2751 232224 250764
2754 230068 232224
2769 228340 230068
2773 224204 228340
2785 224204 224204
2811 219284 224204
2818 213580 219284
2824 213364 213580
2835 209444 213364
2847 207910 209444
2852 206566 207910
2860 206302 206566
2861 205258 206302
2873 205258 205258
2915 191599 205258
2916 191159 191599
2954 190241 191159
3000 189201 190241
3011 187929 189201
3028 185983 187929
3044 180883 185983
3046 176995 180883
3054 176431 176995
3057 172871 176431
3071 167397 172871
3073 166617 167397
3099 151917 166617
3132 151627 151917
3194 151147 151627
3199 149755 151147
3243 144361 149755
3250 139741 144361
3273 139057 139741
3288 137905 139057
3297 124465 137905
3305 114193 124465
3342 111745 114193
3346 109729 111745
3355 102799 109729
3397 99027 102799
3407 95342 99027
3440 94454 95342
3455 83014 94454
3475 83014 83014
3482 81299 83014
3488 81235 81299
3490 80727 81235
3553 76841 80727
3564 75769 76841
3565 75445 75769
3569 74161 75445
3579 73675 74161
3635 70747 73675
3645 69967 70747
3670 69503 69967
3713 69428 69503
3716 69272 69428
3772 68411 69272
3780 65603 68411
3789 64883 65603
3802 64883 64883
3846 64883 64883
3866 64715 64883
3966 63637 64715
4052 63061 63637
4067 63061 63061
4073 62437 63061
4086 62323 62437
4112 61939 62323
4243 59695 61939
4342 59695 59695
4358 58315 59695
4416 56377 58315
4425 53569 56377
4484 53569 53569
4497 53247 53569
4503 50475 53247
4583 47602 50475
4591 45482 47602
4609 44702 45482
4664 44318 44702
4749 43570 44318
4771 43514 43570
4811 40940 43514
4818 39916 40940
4843 37844 39916
4945 37052 37844
4966 36206 37052
5040 35510 36206
5047 33518 35510
5099 32370 33518
5130 31570 32370
5201 30686 31570
5210 30638 30686
5499 30526 30638
5503 30028 30526
5505 29916 30028
5533 28636 29916
5583 28188 28636
5614 28160 28188
5616 28034 28160
5634 27990 28034
5735 27950 27990
5773 27836 27950
5940 27524 27836
5957 27428 27524
6045 27120 27428
6109 26372 27120
6195 25544 26372
6300 24831 25544
6303 22995 24831
6376 22579 22995
6399 21107 22579
6414 20435 21107
6515 20405 20435
6572 20195 20405
6665 19447 20195
6699 19335 19447
6753 18685 19335
6783 18589 18685
6827 18409 18589
7037 17593 18409
7095 17335 17593
7115 16687 17335
7116 16287 16687
7157 15907 16287
7349 15025 15907
7364 14857 15025
7403 14833 14857
7488 14833 14833
7525 14705 14833
7764 14676 14705
7898 14620 14676
7948 14620 14620
8078 14572 14620
8122 14220 14572
8126 14220 14220
8128 14000 14220
8160 13280 14000
8201 13152 13280
8246 12252 13152
8254 11700 12252
8354 11223 11700
8420 10623 11223
8457 10593 10623
8700 10593 10593
8717 10417 10593
8747 10349 10417
8787 10133 10349
8873 10037 10133
8875 10037 10037
8930 10019 10037
9189 9831 10019
9297 9521 9831
9340 9360 9521
9460 9290 9360
9622 8536 9290
9687 8536 8536
9924 8426 8536
9966 8307 8426
10105 7927 8307
10229 7792 7927
10304 7682 7792
10330 7682 7682
10397 7396 7682
10432 7206 7396
10580 7126 7206
10598 7110 7126
10658 7038 7110
10743 6966 7038
10814 6966 6966
10828 6952 6966
10896 6952 6952
10905 6616 6952
10949 6609 6616
11042 6285 6609
11049 6090 6285
11054 6058 6090
11094 6018 6058
11193 5650 6018
11233 5610 5650
11312 5246 5610
11313 5006 5246
11604 4886 5006
11634 4736 4886
11717 4576 4736
11744 4564 4576
11771 4564 4564
11799 4348 4564
12005 4348 4348
12238 4272 4348
12475 4008 4272
12482 3880 4008
12532 3796 3880
12545 3716 3796
12700 3638 3716
12780 3578 3638
12898 3578 3578
12907 3428 3578
12919 3283 3428
13038 3247 3283
13315 3198 3247
13389 3198 3198
13392 2968 3198
13453 2968 2968
13756 2944 2968
13790 2944 2944
13794 2880 2944
13825 2880 2880
13956 2838 2880
14005 2784 2838
14160 2760 2784
14222 2754 2760
14296 2754 2754
14579 2634 2754
14645 2602 2634
14748 2578 2602
14799 2578 2578
14890 6322 2578
14922 5872 2578
14955 5704 2578
15070 10912 2578
15083 10840 2578
15199 10115 2578
15200 9947 2578
15230 9897 2578
15329 9637 2578
15548 9605 2578
15652 9005 2578
15809 8973 2578
15815 8973 2578
15832 8851 2578
15862 8627 2578
15863 8627 2578
15892 8627 2578
15900 8627 2578
15928 8529 2578
15935 8481 2578
16269 8481 2578
16406 8297 2578
16536 8009 2578
16656 8009 2578
16725 7973 2578
16762 7949 2578
17209 7821 2578
17219 7761 2578
17447 7659 2578
17460 7659 2578
17502 7571 2578
17511 7543 2578
17530 7501 2578
17575 7485 2578
17649 7197 2578
17716 7197 2578
17775 6171 2578
17783 6061 2578
17840 5661 2578
17918 5501 2578
17945 5501 2578
17964 5213 2578
17992 5213 2578
18035 5165 2578
18426 4997 2578
18506 4957 2578
18574 4933 2578
18621 4717 2578
18650 4677 2578
18693 4665 2578
18709 4485 2578
18896 4471 2578
19216 4441 2578
19217 3863 2578
19242 3791 2578
19318 3791 2578
19405 3791 2578
19441 3691 2578
19565 3691 2578
19708 3583 2578
19858 3551 2578
19866 3437 2578
20007 3425 2578
20254 3365 2578
20296 3305 2578
20506 3233 2578
20538 3161 2578
20624 3161 2578
20690 3149 2578
20793 3041 2578
20816 3009 2578
20854 2961 2578
20896 2861 2578
20956 2805 2578
21464 2737 2578
21498 2713 2578
21511 2713 2578
21824 2681 2578
21846 2657 2578
21973 2653 2578
21998 2583 2578
22202 2555 2578
22298 2420 2555
22388 2404 2420
22535 2372 2404
22772 2372 2372
22924 2372 2372
23112 2360 2372
23257 2360 2360
23291 2336 2360
23312 2336 2336
23734 2304 2336
23782 2061 2304
24081 2057 2061
24247 2033 2057
24254 1907 2033
24269 1907 1907
24690 1895 1907
24808 1865 1895
25022 1845 1865
25321 1821 1845
25537 1797 1821
25683 1791 1797
25699 1701 1791
25901 1685 1701
26002 1685 1685
26488 1649 1685
26543 1619 1649
26633 1579 1619
27228 1575 1579
27521 1569 1575
27596 1569 1569
27910 1559 1569
28077 1559 1559
28187 1551 1559
28326 1371 1551
28506 1369 1371
28514 1345 1369
28537 1325 1345
28980 1205 1325
29214 1165 1205
29483 1161 1165
29551 1155 1161
29628 1075 1155
29788 1061 1075
29866 1055 1061
29944 1055 1055
30062 1055 1055
30395 1036 1055
30703 1036 1036
30920 1017 1036
31170 957 1017
31996 901 957
32382 901 901
32494 895 901
32665 895 895
33412 889 895
33493 866 889
33817 866 866
33839 858 866
33864 855 858
33916 844 855
34151 844 844
34208 820 844
34335 784 820
34519 784 784
34829 784 784
34980 784 784
35136 784 784
35238 780 784
35400 780 780
35504 776 780
35940 776 776
35999 776 776
36011 772 776
36132 772 772
36335 763 772
36553 763 763
36685 799 763
36733 799 763
36757 787 763
37463 987 763
37658 3402 763
37761 3338 763
37840 3338 763
37905 3316 763
37963 3274 763
38056 3255 763
38160 3255 763
38230 3095 763
38564 2341 763
38616 2789 763
38748 2753 763
38820 2753 763
38965 2753 763
39173 2718 763
39791 2706 763
39920 2706 763
40117 2674 763
40293 2674 763
40350 2570 763
40677 2518 763
40825 2455 763
40836 2451 763
40965 2395 763
41362 2395 763
41412 2383 763
41651 2345 763
41793 2315 763
41897 2123 763
42196 2115 763
42259 2073 763
42368 2055 763
42400 2055 763
42450 1971 763
42459 1887 763
42699 1867 763
42751 1867 763
42774 1723 763
42785 1675 763
42800 1663 763
42869 1663 763
43039 1633 763
43194 1618 763
43323 1618 763
43475 1618 763
43543 1538 763
43556 1516 763
43692 1496 763
43776 1460 763
44089 1436 763
44127 1436 763
44258 1436 763
44408 1436 763
44458 1436 763
44487 1424 763
44559 1328 763
44576 1328 763
44934 1300 763
45118 1279 763
45296 1279 763
45320 1234 763
45329 1216 763
45430 1208 763
46218 1200 763
47406 1200 763
47424 1198 763
47629 1198 763
47863 1189 763
48131 1173 763
48179 1173 763
48255 1173 763
48319 1173 763
48334 1141 763
49002 1093 763
49043 1021 763
49158 993 763
49461 993 763
49807 993 763
49914 987 763
49944 983 763
50175 983 763
50291 893 763
51373 893 763
51874 889 763
52007 889 763
52080 889 763
52103 808 763
52313 808 763
52386 808 763
52603 784 763
52908 784 763
53546 778 763
53716 778 763
53824 778 763
53989 760 763
54194 720 760
54236 680 720
54370 680 680
54473 668 680
54580 660 668
54817 660 660
54909 660 660
55370 654 660
55552 646 654
56352 598 646
56740 571 598
56793 547 571
56963 537 547
57114 507 537
57262 499 507
58167 499 499
58363 495 499
59290 495 495
59370 483 495
59427 481 483
59839 481 481
59900 457 481
59961 441 457
60265 424 441
60349 424 424
61405 368 424
61436 360 368
61661 348 360
62004 344 348
62077 344 344
62115 340 344
62246 324 340
62801 322 324
62879 322 322
63286 318 322
63304 316 318
63940 316 316
64297 316 316
64912 316 316
65070 310 316
65491 290 310
66912 290 290
67038 290 290
67081 280 290
67647 280 280
67826 278 280
67957 276 278
68202 274 276
68349 274 274
68467 1756 274
68488 6516 274
68550 6516 274
68599 6516 274
68613 6418 274
68654 6418 274
68665 6250 274
68812 5914 274
68834 5732 274
68861 5492 274
68938 4904 274
68978 4856 274
69311 4616 274
69317 4538 274
69449 4482 274
69587 3988 274
69724 3970 274
69797 3810 274
69812 3810 274
69905 3804 274
70212 3804 274
70226 3788 274
70293 3780 274
70316 3640 274
70322 3460 274
70398 3460 274
70836 3460 274
70903 3424 274
71054 3172 274
71165 3108 274
71240 3080 274
71244 3042 274
71359 3025 274
71377 2563 274
71562 2548 274
71944 2548 274
72902 2512 274
73034 2485 274
73049 2479 274
73075 2479 274
73296 2443 274
73301 2443 274
73690 2257 274
73723 2213 274
73911 2195 274
74374 2159 274
74534 2151 274
74689 2127 274
74799 2119 274
74883 2119 274
74914 1919 274
75203 1907 274
75291 1907 274
75362 1901 274
75997 1747 274
76066 1743 274
76249 1743 274
76384 1731 274
76497 1579 274
76574 1573 274
76653 1509 274
76958 1501 274
76994 1497 274
77167 1467 274
77168 1459 274
77175 1451 274
77619 1439 274
77700 1427 274
77913 1259 274
77983 1235 274
78256 1235 274
78260 1145 274
78320 1145 274
78652 1127 274
78675 1127 274
78690 1127 274
78908 1127 274
78924 1115 274
78942 1111 274
79049 1111 274
79365 1079 274
79378 1031 274
79588 1025 274
79870 1005 274
79883 921 274
80646 921 274
80675 909 274
81118 894 274
81312 830 274
81357 826 274
81413 814 274
81574 814 274
81625 814 274
82414 754 274
82531 740 274
82819 740 274
83004 740 274
83103 708 274
83797 692 274
84033 650 274
84240 638 274
84291 638 274
84667 638 274
86869 602 274
87165 590 274
87430 588 274
87533 588 274
87671 588 274
87786 584 274
87901 584 274
88602 584 274
89080 556 274
89659 554 274
89681 540 274
89819 540 274
90175 510 274
90636 506 274
90968 506 274
91729 492 274
92661 486 274
92776 482 274
93355 466 274
93621 458 274
94328 458 274
94406 442 274
94544 418 274
95156 418 274
95509 370 274
95727 370 274
96910 366 274
97643 366 274
97727 362 274
98624 338 274
99058 325 274
99871 305 274
99986 305 274
100080 305 274
100178 293 274
100284 277 274
100758 273 274
101061 273 273
101179 273 273
101529 261 273
102209 249 261
102281 249 249
102554 249 249
102576 241 249
102606 233 241
103135 233 233
103994 231 233
104045 219 231
104141 215 219
104690 215 215
104820 215 215
105072 203 215
105086 199 203
105173 197 199
105334 197 197
106693 197 197
106846 193 197
107228 189 193
107536 189 189
107609 185 189
108424 185 185
108476 185 185
108773 185 185
109400 181 185
109593 169 181
110613 169 169
110741 169 169
110844 161 169
110951 161 161
111155 159 161
111159 155 159
111959 155 155
112354 151 155
112606 151 151
113046 151 151
113617 147 151
113693 147 147
113748 147 147
113982 141 147
114230 141 141
115537 141 141
115569 141 141
116184 141 141
116220 139 141
116412 133 139
116584 133 133
116622 121 133
116720 185 121
116887 185 121
117517 185 121
117527 185 121
117821 185 121
118233 181 121
118417 177 121
118808 177 121
119307 177 121
119518 177 121
119870 177 121
120679 177 121
120868 177 121
121148 169 121
121559 169 121
121926 169 121
123149 165 121
124331 163 121
124354 163 121
125003 163 121
125105 163 121
125193 159 121
125514 159 121
126400 150 121
126944 150 121
126945 150 121
127102 146 121
127131 146 121
127145 146 121
127602 146 121
127613 146 121
129028 146 121
129179 146 121
129277 146 121
129283 144 121
129465 144 121
129504 144 121
129526 144 121
129594 136 121
129842 130 121
130971 130 121
131196 130 121
131344 130 121
131417 130 121
131769 130 121
131782 128 121
131919 128 121
131940 128 121
132292 128 121
133048 128 121
135019 128 121
135379 124 121
135908 124 121
136030 124 121
136238 124 121
139322 120 121
139709 120 120
140057 120 120
140316 120 120
140822 120 120
141058 120 120
142072 120 120
142524 120 120
143850 120 120
145155 120 120
145235 120 120
145708 120 120
145944 116 120
146000 116 116
148117 114 116
148377 114 114
148568 110 114
151565 110 110
152583 110 110
152863 108 110
153161 108 108
153601 108 108
154203 108 108
154495 108 108
155064 108 108
155866 106 108
156814 106 106
157333 106 106
157584 106 106
157654 106 106
158530 100 106
158774 100 100
158903 99 100
158964 99 99
159269 99 99
160502 99 99
160801 99 99
161112 99 99
161479 99 99
162396 99 99
162694 99 99
164179 99 99
164359 99 99
164597 99 99
164800 99 99
165424 99 99
165434 99 99
165743 99 99
165961 99 99
166068 99 99
166180 99 99
166227 99 99
166310 99 99
167045 99 99
167100 99 99
167389 99 99
167757 99 99
168577 99 99
168805 99 99
169760 99 99
170362 94 99
170719 94 94
170881 94 94
171081 92 94
171343 86 92
171790 86 86
172658 84 86
172792 84 84
172862 84 84
173199 84 84
174494 82 84
174618 82 82
174655 81 82
174685 81 81
175858 81 81
176110 81 81
176238 81 81
176333 81 81
177164 79 81
177466 75 79
178590 69 75
179235 69 69
180502 69 69
181025 61 69
181955 61 61
182597 61 61
182961 59 61
183254 59 59
184110 59 59
185698 59 59
185855 59 59
185857 59 59
186022 59 59
186577 59 59
187224 59 59
188573 59 59
189135 59 59
190058 59 59
190143 59 59
190976 59 59
192637 59 59
192706 57 59
192844 57 57
192886 57 57
193154 87 57
193588 87 57
194091 79 57
194233 79 57
194485 79 57
194798 79 57
195653 79 57
196983 79 57
197093 79 57
197201 79 57
197662 79 57
198050 79 57
198281 73 57
198658 73 57
198735 73 57
199105 73 57
200984 73 57
201457 73 57
201915 73 57
202026 67 57
202166 67 57
202211 67 57
204300 67 57
204926 67 57
204984 63 57
205163 63 57
205166 63 57
205490 63 57
205775 63 57
206068 63 57
206509 63 57
207170 63 57
207466 63 57
207655 63 57
208042 63 57
209060 63 57
209453 54 57
209696 54 54
210282 54 54
210656 54 54
210773 52 54
210854 52 52
211045 52 52
212919 52 52
213568 52 52
214288 52 52
214832 52 52
215767 52 52
217662 52 52
217728 52 52
217825 52 52
217954 52 52
218172 50 52
218273 50 50
218697 49 50
219747 45 49
221374 45 45
221635 45 45
222606 45 45
223662 45 45
224328 45 45
225209 45 45
225453 45 45
225999 45 45
226211 43 45
227308 41 43
227557 41 41
227624 41 41
228752 41 41
230210 41 41
230243 41 41
230371 41 41
230620 41 41
230819 41 41
231126 41 41
231314 41 41
231406 41 41
232979 41 41
233204 41 41
233288 41 41
233540 41 41
234581 41 41
235201 41 41
236277 41 41
236438 41 41
236990 41 41
237605 41 41
237694 41 41
237773 41 41
238882 41 41
239220 41 41
240259 41 41
240320 41 41
242820 39 41
242992 39 39
243335 39 39
244458 39 39
244668 39 39
244983 39 39
245102 39 39
245149 39 39
245992 39 39
246199 39 39
246881 39 39
247502 39 39
248509 39 39
249330 39 39
249701 39 39
250884 39 39
250995 39 39
251187 39 39
252243 39 39
253603 39 39
254296 36 39
254994 36 36
255330 36 36
256205 36 36
256951 36 36
258665 36 36
258771 36 36
259261 36 36
259371 36 36
260518 36 36
262447 34 36
262575 34 34
263730 32 34
264575 32 32
265108 32 32
265625 32 32
266511 32 32
267163 32 32
267248 32 32
267378 32 32
267481 32 32
268596 32 32
268700 32 32
269236 32 32
270295 32 32
270303 32 32
271383 32 32
272437 32 32
273261 32 32
273957 32 32
274095 32 32
274159 32 32
276059 32 32
277413 32 32
278564 32 32
278642 32 32
279139 32 32
279908 32 32
281656 32 32
282057 32 32
282522 32 32
282792 32 32
282885 32 32
283531 32 32
283643 32 32
283761 32 32
283848 32 32
284253 32 32
284330 32 32
285670 32 32
286503 31 32
286668 31 31
287070 31 31
287757 31 31
287803 31 31
287976 31 31
288011 31 31
290503 31 31
291522 31 31
291742 31 31
292012 31 31
292438 31 31
294573 31 31
294752 31 31
295459 31 31
295629 31 31
295686 31 31
296700 31 31
296988 31 31
297673 31 31
298250 35 31
298455 35 31
301039 35 31
301073 35 31
303061 35 31
303758 35 31
303931 33 31
306775 33 31
306791 33 31
307263 33 31
307757 33 31
307774 33 31
307938 33 31
308873 33 31
308927 33 31
309275 33 31
309797 33 31
310012 33 31
310932 33 31
313038 33 31
314880 33 31
316091 33 31
316311 33 31
318049 31 31
319515 31 31
320654 31 31
320716 31 31
321325 31 31
323788 31 31
324258 31 31
325068 31 31
326512 31 31
327155 31 31
327239 29 31
327626 29 29
327948 29 29
329404 29 29
332078 29 29
334344 29 29
335050 29 29
335236 29 29
335967 29 29
336163 29 29
336323 29 29
336659 29 29
336737 29 29
338026 29 29
338148 29 29
338163 29 29
338167 29 29
341432 29 29
343599 29 29
344117 29 29
344774 29 29
344908 29 29
345765 29 29
346024 29 29
346071 29 29
346453 29 29
346821 28 29
346963 28 28
347008 28 28
347375 28 28
347384 28 28
347866 28 28
350198 28 28
350230 28 28
350323 28 28
350920 24 28
351370 24 24
351407 24 24
351698 24 24
352628 24 24
352722 24 24
353184 24 24
354031 24 24
354679 24 24
356189 24 24
356534 24 24
356627 24 24
357599 24 24
357844 24 24
358951 24 24
359159 24 24
360416 24 24
361132 24 24
361422 24 24
362388 24 24
364141 24 24
364407 24 24
365913 24 24
367084 22 24
367255 22 22
367416 22 22
368473 22 22
369188 22 22
370112 20 22
371543 20 20
373540 20 20
374530 20 20
376112 20 20
376644 20 20
378654 20 20
378965 20 20
379065 20 20
380548 20 20
380857 20 20
381824 20 20
382586 20 20
383176 20 20
383694 20 20
383839 20 20
384580 20 20
385200 20 20
385808 20 20
385992 20 20
386680 20 20
386690 20 20
387155 20 20
387955 20 20
388692 20 20
389285 20 20
389445 18 20
390368 18 18
391152 18 18
391388 18 18
391497 18 18
391627 18 18
393379 18 18
393609 18 18
395325 18 18
395876 18 18
397740 18 18
398068 18 18
398082 18 18
398959 18 18
399283 16 18
399576 16 16
399596 16 16
400661 16 16
401086 16 16
401670 16 16
402157 16 16
403053 16 16
403467 16 16
404102 16 16
404557 16 16
404590 16 16
405518 16 16
405758 16 16
405800 16 16
407373 16 16
407662 16 16
407675 16 16
407881 16 16
408823 16 16
408853 16 16
409630 16 16
410057 16 16
410179 16 16
410843 16 16
414159 16 16
414367 16 16
414541 14 16
415044 14 14
415212 14 14
416498 14 14
417656 14 14
418228 14 14
418235 14 14
418934 14 14
419463 14 14
420185 14 14
421994 14 14
423838 14 14
424223 14 14
424561 14 14
425444 14 14
425754 14 14
426360 14 14
427708 14 14
428058 14 14
428650 14 14
428813 14 14
428819 14 14
430058 14 14
434447 14 14
436994 12 14
437457 12 12
437920 12 12
437972 12 12
437977 12 12
438009 204 12
438844 197 12
439498 191 12
439604 189 12
439623 185 12
439927 181 12
440049 181 12
440259 181 12
440965 181 12
441384 181 12
441886 181 12
442820 181 12
442832 181 12
443594 181 12
443979 169 12
444848 169 12
444863 163 12
444959 161 12
444985 161 12
445405 161 12
445478 161 12
445882 155 12
446028 151 12
446826 151 12
447179 151 12
448065 151 12
448275 151 12
448486 147 12
448492 147 12
449181 147 12
449304 147 12
449449 145 12
449504 145 12
450824 145 12
450956 145 12
451305 145 12
451764 145 12
452434 145 12
453256 145 12
453263 145 12
453497 139 12
453766 139 12
453994 131 12
454029 131 12
454379 131 12
454461 125 12
455014 125 12
455303 125 12
456505 125 12
456815 125 12
458041 125 12
458122 123 12
459379 123 12
460298 123 12
461689 123 12
463166 119 12
463342 119 12
463581 119 12
463607 119 12
463783 119 12
464108 119 12
464468 119 12
464595 119 12
464823 119 12
465429 119 12
466001 119 12
466041 119 12
466686 119 12
467338 119 12
467667 117 12
467786 117 12
467800 117 12
468635 117 12
469854 117 12
470743 113 12
471485 102 12
472945 102 12
473064 102 12
475172 100 12
476696 85 12
477214 85 12
479812 85 12
479909 77 12
480235 77 12
480589 77 12
480692 77 12
481072 77 12
481351 77 12
481541 77 12
481542 77 12
481964 73 12
482503 73 12
482619 73 12
483144 73 12
483487 73 12
484142 73 12
485322 73 12
485446 69 12
485688 69 12
485839 69 12
486389 69 12
486649 65 12
486800 65 12
487157 65 12
487643 65 12
488901 63 12
489954 60 12
491782 60 12
492279 60 12
492619 60 12
493902 60 12
494128 60 12
494731 60 12
494886 60 12
496649 60 12
496731 60 12
496920 60 12
499455 60 12
500479 60 12
500579 60 12
501078 60 12
501463 60 12
501853 60 12
502029 60 12
502034 60 12
503364 60 12
503858 59 12
503947 59 12
504398 59 12
504767 54 12
505080 54 12
505769 54 12
506699 54 12
507387 54 12
507873 50 12
507963 50 12
508290 50 12
508659 50 12
510499 50 12
511011 50 12
511025 50 12
512504 50 12
512621 50 12
513009 50 12
514049 50 12
514332 50 12
514733 50 12
516361 50 12
516670 50 12
517092 50 12
518687 50 12
518999 48 12
519265 48 12
519791 48 12
520094 48 12
520222 48 12
520930 46 12
521185 46 12
521476 46 12
521702 44 12
521997 44 12
522040 44 12
523149 44 12
523181 44 12
523312 44 12
523442 44 12
524273 44 12
524439 44 12
524877 44 12
525155 44 12
526274 44 12
526699 40 12
527327 40 12
527907 40 12
528238 40 12
528405 40 12
528538 40 12
528726 40 12
529762 38 12
529778 38 12
530301 36 12
530371 36 12
530554 36 12
531173 36 12
531957 36 12
533360 36 12
533877 36 12
534554 36 12
534717 36 12
535207 36 12
537107 36 12
538051 36 12
538657 36 12
538732 36 12
539689 36 12
541018 36 12
541041 36 12
541725 36 12
542120 36 12
542522 36 12
542552 34 12
542750 30 12
542751 30 12
543263 30 12
543642 30 12
544427 30 12
544650 30 12
545777 30 12
545950 30 12
546494 30 12
546745 30 12
547590 30 12
548514 30 12
548562 30 12
553727 30 12
555880 30 12
555962 30 12
556540 30 12
558012 30 12
558331 30 12
559727 30 12
560145 30 12
560290 30 12
561418 30 12
561995 30 12
563174 30 12
563755 28 12
563925 28 12
563975 28 12
564744 28 12
565118 28 12
566088 28 12
566203 28 12
567588 28 12
569054 28 12
570947 28 12
572054 28 12
572735 28 12
574257 28 12
574954 28 12
576623 28 12
577559 28 12
578309 28 12
578814 28 12
579079 28 12
579282 28 12
580029 28 12
580203 28 12
580766 28 12
580773 28 12
581865 28 12
582645 28 12
583096 28 12
583714 28 12
585381 28 12
585422 28 12
585836 28 12
585972 28 12
587254 28 12
587287 28 12
587431 28 12
588568 28 12
588600 28 12
589685 28 12
591931 28 12
591932 28 12
594036 28 12
596701 28 12
597198 28 12
597616 28 12
598759 28 12
599335 28 12
599359 28 12
599508 28 12
599628 28 12
599902 28 12
600338 28 12
600560 28 12
601580 28 12
602184 28 12
602708 28 12
602894 28 12
603600 28 12
605039 28 12
605108 28 12
606856 28 12
606871 28 12
607440 28 12
607687 28 12
608818 28 12
609009 28 12
609457 28 12
609729 28 12
609922 28 12
609977 28 12
611560 28 12
613120 28 12
613501 28 12
614815 28 12
615335 28 12
617197 28 12
617337 28 12
617376 28 12
617757 28 12
618832 28 12
619085 28 12
620295 28 12
621667 28 12
621870 28 12
622072 28 12
622697 28 12
623131 28 12
623283 28 12
625188 28 12
625974 28 12
626143 28 12
627040 28 12
627653 28 12
629033 28 12
630487 28 12
630765 28 12
631162 28 12
631638 28 12
632924 28 12
633136 28 12
634050 28 12
634679 28 12
635313 28 12
636317 28 12
636577 28 12
637763 28 12
638132 26 12
638949 26 12
639089 26 12
640842 26 12
641710 26 12
641872 26 12
641984 26 12
642034 26 12
642430 26 12
643825 26 12
645648 26 12
647908 26 12
648629 26 12
649106 26 12
650140 26 12
650665 26 12
651524 26 12
651553 26 12
651973 26 12
653165 26 12
653371 26 12
655026 26 12
655160 26 12
656799 26 12
657084 26 12
657336 26 12
657749 26 12
658181 26 12
658610 26 12
659684 26 12
660246 26 12
660967 26 12
661395 26 12
661770 26 12
662998 26 12
663498 26 12
663610 26 12
666217 26 12
667075 26 12
667608 26 12
667625 26 12
667684 26 12
668466 26 12
668841 26 12
669397 26 12
670462 26 12
670654 26 12
670773 26 12
671201 26 12
671413 26 12
671809 26 12
673940 26 12
674227 26 12
674308 26 12
674725 26 12
675166 26 12
675674 26 12
676258 26 12
678290 26 12
678491 26 12
678593 26 12
678664 26 12
679398 26 12
680656 26 12
681044 26 12
681706 26 12
684183 26 12
685074 26 12
685304 26 12
685741 26 12
688192 26 12
688864 26 12
690312 26 12
690549 26 12
692364 26 12
693341 26 12
695766 26 12
695846 26 12
696894 26 12
697912 26 12
698604 26 12
699721 26 12
700310 26 12
700613 26 12
704868 26 12
705241 25 12
705256 25 12
705334 25 12
705376 25 12
707531 25 12
707537 25 12
710528 23 12
712185 23 12
714001 23 12
714356 23 12
714947 23 12
714960 23 12
715152 23 12
715712 23 12
716133 23 12
719189 23 12
719792 23 12
720881 23 12
721731 23 12
722256 23 12
722897 23 12
723115 23 12
723993 23 12
724397 23 12
724414 23 12
724731 23 12
725223 23 12
725673 23 12
725711 23 12
726236 23 12
726550 23 12
729338 23 12
732260 23 12
732421 23 12
732930 23 12
733633 23 12
734692 23 12
735511 23 12
735763 23 12
736984 23 12
737897 23 12
738347 23 12
738538 23 12
738677 23 12
738873 23 12
739468 21 12
741412 21 12
742706 21 12
744538 21 12
744649 21 12
745100 21 12
745941 21 12
747181 21 12
747502 21 12
748474 21 12
748579 21 12
748631 21 12
749186 21 12
749286 21 12
750872 21 12
751473 21 12
751636 21 12
751796 21 12
753371 21 12
753599 21 12
753949 21 12
755192 21 12
755358 21 12
756088 21 12
756386 21 12
758302 21 12
758470 21 12
761273 21 12
761364 21 12
761611 21 12
761670 21 12
763987 21 12
764617 21 12
764684 21 12
765169 19 12
765547 19 12
765780 19 12
766308 19 12
766875 19 12
766887 19 12
767935 19 12
769640 19 12
770225 19 12
770228 19 12
773099 19 12
773105 19 12
773513 19 12
774849 19 12
775061 19 12
775394 19 12
776552 19 12
776944 19 12
778327 19 12
778998 19 12
779299 19 12
779396 19 12
780581 19 12
782208 19 12
782419 19 12
783741 19 12
785872 19 12
786565 19 12
788561 19 12
790045 19 12
791897 19 12
791956 19 12
791985 19 12
793358 19 12
793362 19 12
794381 19 12
794802 19 12
794996 19 12
795262 19 12
796367 19 12
796444 19 12
799923 19 12
801990 19 12
802463 19 12
804148 19 12
804432 19 12
805006 19 12
805508 19 12
806146 19 12
806293 19 12
806986 19 12
807599 19 12
807746 19 12
811346 19 12
812869 19 12
813652 19 12
813834 19 12
815584 19 12
816269 19 12
816521 19 12
816624 19 12
817796 19 12
818067 19 12
820012 19 12
820188 19 12
820453 19 12
821105 19 12
821522 19 12
822774 19 12
824691 19 12
825295 19 12
828922 19 12
828924 19 12
830623 19 12
830726 19 12
832433 19 12
833273 19 12
833277 19 12
833398 19 12
833405 19 12
833535 19 12
835863 19 12
836447 19 12
836526 19 12
836739 19 12
837832 19 12
838149 19 12
838280 19 12
840496 19 12
842172 19 12
842928 18 12
843203 18 12
843219 16 12
843737 16 12
843802 16 12
845616 16 12
846166 16 12
846664 16 12
847125 16 12
847676 16 12
850104 16 12
850338 16 12
850603 16 12
851306 16 12
853647 16 12
853842 16 12
854011 16 12
854218 16 12
856147 16 12
857963 16 12
858228 16 12
858628 16 12
860423 16 12
861050 16 12
861610 16 12
861692 16 12
861737 16 12
862287 16 12
862372 16 12
862395 16 12
862741 16 12
863209 16 12
865143 16 12
865430 16 12
865586 16 12
866522 16 12
869008 16 12
869451 16 12
869997 14 12
872681 14 12
872954 14 12
872980 14 12
874467 14 12
875155 14 12
875293 14 12
875847 14 12
876856 14 12
876924 14 12
877483 14 12
878865 14 12
879712 14 12
880399 14 12
880603 14 12
884463 14 12
885166 14 12
885969 14 12
887572 14 12
887608 14 12
887831 14 12
888312 14 12
888630 14 12
888714 14 12
890639 14 12
890875 14 12
891915 14 12
894186 14 12
894913 12 12
896219 12 12
896489 12 12
896598 12 12
896772 12 12
897724 12 12
898764 12 12
899380 12 12
899510 12 12
900132 12 12
902798 12 12
903119 12 12
903438 12 12
903617 12 12
904650 12 12
905854 12 12
906292 12 12
906318 12 12
907422 12 12
907602 12 12
908200 12 12
909844 12 12
909865 12 12
910128 12 12
910301 12 12
910343 12 12
910726 12 12
911713 12 12
912770 12 12
914751 12 12
915140 12 12
915246 12 12
916567 12 12
917361 12 12
917974 12 12
919786 12 12
921938 12 12
922095 12 12
922185 12 12
922408 12 12
923043 12 12
923368 12 12
925670 12 12
927687 12 12
927975 12 12
929724 12 12
930443 12 12
930594 12 12
931143 12 12
933162 12 12
933512 12 12
933886 12 12
938621 12 12
938725 12 12
938830 12 12
939519 12 12
940824 12 12
940959 12 12
941065 12 12
941219 12 12
942963 12 12
943055 12 12
944479 12 12
944577 12 12
947215 12 12
949678 12 12
950422 12 12
950505 12 12
951073 12 12
951120 12 12
951490 12 12
951633 12 12
953632 12 12
954060 12 12
954128 12 12
954291 12 12
954568 12 12
955476 12 12
955725 12 12
956166 12 12
956198 12 12
956941 12 12
957859 12 12
959220 12 12
959665 12 12
960282 12 12
960391 12 12
960633 12 12
961649 12 12
962311 12 12
963521 12 12
964150 12 12
964797 12 12
965521 12 12
966179 12 12
967295 12 12
967299 12 12
967584 12 12
968198 12 12
968333 12 12
968881 12 12
968920 12 12
968931 12 12
969482 12 12
970673 12 12
971032 12 12
973150 12 12
976703 12 12
980763 12 12
981707 12 12
982813 12 12
984911 12 12
985249 12 12
985505 12 12
985510 12 12
986937 12 12
987867 12 12
989193 76 12
990353 231 12
990639 231 12
991137 228 12
991645 222 12
991840 218 12
991875 218 12
991990 218 12
992037 218 12
992580 210 12
992846 210 12
993613 210 12
993696 210 12
994494 210 12
994568 210 12
994675 210 12
995349 210 12
995838 210 12
996330 210 12
996352 210 12
996399 210 12
996716 202 12
997091 190 12
997336 186 12
997395 186 12
997475 186 12
997720 186 12
998213 186 12
999235 176 12
1000311 166 12
1001021 166 12
1001155 166 12
1001163 166 12
1001251 162 12
1001376 162 12
1001525 162 12
1001788 154 12
1001807 154 12
1002489 154 12
1002531 154 12
1002729 154 12
1004211 154 12
1005381 154 12
1005586 146 12
1005590 146 12
1006620 134 12
1007647 132 12
1008581 129 12
1008768 129 12
1009285 129 12
1009878 129 12
1010119 129 12
1010806 123 12
1011489 115 12
1011953 115 12
1012084 115 12
1012529 111 12
1012794 107 12
1013860 107 12
1014376 107 12
1014616 107 12
1014791 103 12
1015345 103 12
1015561 103 12
1015770 103 12
1016416 103 12
1016774 103 12
1017196 101 12
1018270 101 12
1018454 101 12
1018802 101 12
1019040 97 12
1019709 97 12
1020709 97 12
1021033 97 12
1021104 97 12
1021157 97 12
1021263 93 12
1021765 93 12
1022017 93 12
1022809 93 12
1023117 93 12
1023246 93 12
1023526 93 12
1024001 91 12
1024147 91 12
1024149 89 12
1024730 82 12
1025553 82 12
1025804 82 12
1026452 82 12
1026620 82 12
1027577 82 12
1028432 80 12
1028688 80 12
1029922 80 12
1032567 72 12
1032577 72 12
1032711 72 12
1033142 72 12
1034556 72 12
1035150 72 12
1035836 72 12
1036630 72 12
1037191 70 12
1037770 70 12
1038135 70 12
1038452 69 12
1038481 69 12
1038578 69 12
1038875 69 12
1040039 69 12
1040180 69 12
1040660 69 12
1040786 69 12
1041826 69 12
1042291 69 12
1042832 69 12
1044516 69 12
1044978 67 12
1045494 67 12
1045647 67 12
1046152 67 12
1046181 67 12
1047096 67 12
1047435 65 12
1047799 65 12
1047940 65 12
1048320 64 12
1049194 64 12
1049665 62 12
1050413 62 12
1050559 62 12
1051047 62 12
1051204 62 12
1051807 62 12
1052047 62 12
1052988 62 12
1052998 62 12
1055541 62 12
1055561 62 12
1056997 62 12
1057269 62 12
1057860 62 12
1058424 60 12
1058723 60 12
1060510 60 12
1061099 60 12
1063515 60 12
1063823 60 12
1064284 58 12
1066135 58 12
1069315 58 12
1069400 58 12
1070127 58 12
1071836 58 12
1072089 58 12
1072968 58 12
1075695 58 12
1076206 56 12
1076403 56 12
1076604 56 12
1077097 56 12
1077194 56 12
1077477 56 12
1078418 56 12
1079455 56 12
1079933 56 12
1081984 56 12
1082491 56 12
1082945 54 12
1084240 54 12
1084471 46 12
1084637 46 12
1085231 46 12
1085653 46 12
1085725 46 12
1086641 42 12
1087848 42 12
1088023 42 12
1089186 42 12
1090008 42 12
1090612 42 12
1091279 42 12
1092975 42 12
1093264 42 12
1094192 41 12
1094447 37 12
1095290 37 12
1097933 37 12
1098228 37 12
1098604 37 12
1098977 37 12
1099084 37 12
1099496 35 12
1099858 35 12
1100433 35 12
1100474 35 12
1101034 35 12
1102839 35 12
1103444 35 12
1104042 35 12
1104445 35 12
1104683 35 12
1105345 35 12
1106020 33 12
1107880 33 12
1107898 33 12
1109960 33 12
1110881 33 12
1111530 33 12
1111593 33 12
1112230 33 12
1114069 33 12
1115790 33 12
1116191 33 12
1116814 33 12
1117754 33 12
1117968 33 12
1118147 33 12
1118359 33 12
1118864 33 12
1118968 33 12
1119022 33 12
1119713 33 12
1120531 33 12
1121457 31 12
1123236 31 12
1123360 31 12
1125251 31 12
1125509 31 12
1125649 31 12
1126893 31 12
1127131 31 12
1127708 31 12
1129386 31 12
1129560 31 12
1130565 31 12
1131640 31 12
1132448 31 12
1132553 31 12
1132624 31 12
1133218 31 12
1133450 31 12
1134388 31 12
1134914 30 12
1134957 30 12
1136351 30 12
1137343 30 12
1137584 30 12
1137768 30 12
1139377 30 12
1144833 30 12
1144928 30 12
1145027 30 12
1145106 30 12
1145219 30 12
1145363 28 12
1147817 28 12
1148420 28 12
1148430 28 12
1148751 28 12
1148833 28 12
1148895 28 12
1148998 28 12
1149129 28 12
1149201 28 12
1150128 28 12
1150787 28 12
1151126 28 12
1152942 28 12
1154128 28 12
1155168 28 12
1157556 28 12
1157630 28 12
1158483 28 12
1158491 28 12
1159234 28 12
1159384 28 12
1159444 28 12
1159543 28 12
1160231 28 12
1160997 28 12
1164158 28 12
1164279 28 12
1164484 28 12
1164997 28 12
1165271 28 12
1166534 28 12
1167355 28 12
1167675 28 12
1168182 28 12
1168578 28 12
1169166 28 12
1169801 28 12
1170139 28 12
1170579 28 12
1170627 28 12
1170677 28 12
1170784 28 12
1171412 26 12
1171477 26 12
1171843 26 12
1173029 26 12
1173281 26 12
1173907 26 12
1174513 26 12
1175300 26 12
1176769 26 12
1177343 26 12
1178314 26 12
1179331 26 12
1179497 26 12
1180074 26 12
1181835 26 12
1182406 25 12
1184906 25 12
1185244 25 12
1185744 25 12
1186134 25 12
1186521 25 12
1187326 25 12
1188498 25 12
1188556 25 12
1190159 25 12
1190466 25 12
1190670 25 12
1191077 25 12
1191098 25 12
1191751 25 12
1192719 25 12
1193018 25 12
1193732 25 12
1194332 25 12
1195180 25 12
1195270 25 12
1197075 25 12
1197390 25 12
1198531 25 12
1199233 25 12
1201114 25 12
1203233 25 12
1203375 25 12
1203819 25 12
1204435 25 12
1204536 25 12
1205289 25 12
1207462 25 12
1207920 25 12
1208049 25 12
1208062 25 12
1208368 25 12
1210000 25 12
1210471 25 12
1211430 23 12
1211569 23 12
1212227 23 12
1212375 23 12
1212512 23 12
1212703 23 12
1213157 23 12
1213438 21 12
1213964 21 12
1215209 21 12
1215618 21 12
1218485 21 12
1218535 21 12
1218557 21 12
1218736 21 12
1219468 21 12
1219546 17 12
1220732 17 12
1220919 17 12
1220999 17 12
1221255 17 12
1221405 17 12
1221730 17 12
1222625 17 12
1223681 17 12
1223871 17 12
1224000 17 12
1224535 17 12
1225305 17 12
1226485 17 12
1227667 17 12
1227919 17 12
1227983 17 12
1228740 17 12
1230032 17 12
1234955 17 12
1235750 17 12
1236066 17 12
1236126 17 12
1238412 15 12
1238578 15 12
1238681 15 12
1239033 15 12
1239592 15 12
1240716 15 12
1241123 15 12
1242973 15 12
1243115 15 12
1245751 15 12
1246741 15 12
1246769 15 12
1248025 15 12
1250090 15 12
1250264 15 12
1251064 15 12
1251413 15 12
1252252 15 12
1252471 15 12
1252870 15 12
1252940 15 12
1253780 15 12
1254444 15 12
1255032 15 12
1258964 15 12
1259687 15 12
1259709 15 12
1260442 15 12
1262107 15 12
1262151 15 12
1262289 15 12
1262433 15 12
1263221 15 12
1263309 15 12
1263605 15 12
1263786 15 12
1263810 15 12
1264772 15 12
1264932 15 12
1265218 15 12
1266018 15 12
1266407 15 12
1269248 15 12
1269418 15 12
1270131 15 12
1270491 15 12
1272173 15 12
1273765 15 12
1274685 15 12
1274762 15 12
1274855 15 12
1274963 15 12
1275525 15 12
1275845 15 12
1276612 15 12
1277690 15 12
1278035 15 12
1278068 15 12
1278735 15 12
1279341 15 12
1279870 15 12
1279987 15 12
1280370 15 12
1281109 15 12
1281221 15 12
1281801 15 12
1282052 15 12
1284041 13 12
1284672 13 12
1285005 13 12
1286517 13 12
1286569 13 12
1288139 13 12
1288946 13 12
1290681 13 12
1293413 13 12
1295732 13 12
1295906 13 12
1296911 13 12
1298346 13 12
1298619 13 12
1299211 13 12
1299679 13 12
1299926 13 12
1300228 13 12
1301130 13 12
1303812 13 12
1304600 13 12
1305233 13 12
1306094 13 12
1306616 13 12
1307223 13 12
1307550 13 12
1308167 13 12
1309748 13 12
1310087 13 12
1311313 13 12
1311366 13 12
1312983 13 12
1313070 13 12
1313285 13 12
1314514 13 12
1314959 13 12
1316677 13 12
1316894 13 12
1317214 13 12
1317711 13 12
1317753 11 12
1318537 11 11
1320625 11 11
1320634 11 11
1322366 11 11
1322779 11 11
1323313 11 11
1324149 11 11
1324847 11 11
1325557 11 11
1325659 11 11
1326473 11 11
1326675 11 11
1328640 11 11
1330127 11 11
1332126 11 11
1333071 11 11
1333479 11 11
1334355 11 11
1335743 11 11
1336761 11 11
1337821 11 11
1338759 11 11
1339664 11 11
1340933 11 11
1341228 11 11
1341828 11 11
1342293 11 11
1342963 11 11
1343199 11 11
1343413 11 11
1344146 11 11
1344364 11 11
1344941 11 11
1346016 11 11
1346826 11 11
1347776 11 11
1347819 11 11
1347934 11 11
1348459 11 11
1350927 11 11
1351583 11 11
1351614 11 11
1351781 11 11
1352972 11 11
1354424 11 11
1355015 11 11
1355121 11 11
1355193 11 11
1357652 11 11
1358956 11 11
1360271 11 11
1361089 9 11
