1 106387216 106666000
2 106114732 106387216
3 106088488 106114732
4 106068202 106088488
5 105910216 106068202
6 105667456 105910216
7 105113672 105667456
8 105083621 105113672
9 101799991 105083621
10 100402285 101799991
11 100382645 100402285
12 100073409 100382645
13 99849143 100073409
14 99838223 99849143
15 99272463 99838223
16 95100517 99272463
17 94982482 95100517
18 94155246 94982482
19 91850484 94155246
20 90760668 91850484
21 90581676 90760668
22 90168756 90581676
23 89758128 90168756
24 86206425 89758128
25 85898450 86206425
26 85501898 85898450
27 83039196 85501898
28 81801744 83039196
29 81101116 81801744
30 81054328 81101116
31 81039028 81054328
33 78401372 81039028
34 78315704 78401372
35 78285200 78315704
36 77681928 78285200
37 76940404 77681928
38 76377692 76940404
39 75509324 76377692
40 75345658 75509324
42 75265754 75345658
43 75072082 75265754
44 72666562 75072082
46 72650070 72666562
47 72512070 72650070
48 71713650 72512070
49 70519708 71713650
50 70037746 70519708
51 69095371 70037746
52 67199932 69095371
55 67189492 67199932
56 66376972 67189492
57 65927138 66376972
58 64779778 65927138
61 64113098 64779778
62 62440626 64113098
63 61842238 62440626
64 61394866 61842238
65 61179250 61394866
66 61176562 61179250
67 60071926 61176562
68 59956118 60071926
69 59406800 59956118
71 57977552 59406800
73 56970455 57977552
76 56771743 56970455
77 56586649 56771743
80 56501905 56586649
81 56087041 56501905
84 55048453 56087041
85 54722053 55048453
86 54078563 54722053
87 54074051 54078563
90 54072283 54074051
93 53677867 54072283
94 53026275 53677867
95 52520367 53026275
96 51498899 52520367
97 49417183 51498899
99 48873255 49417183
100 48850215 48873255
101 48590520 48850215
102 46315320 48590520
108 46275540 46315320
109 46234346 46275540
110 45085681 46234346
111 44190573 45085681
112 44066288 44190573
113 44023700 44066288
114 43584716 44023700
115 43345514 43584716
116 43336882 43345514
117 43299062 43336882
118 42097642 43299062
119 40986604 42097642
120 40262736 40986604
122 38723098 40262736
123 38675698 38723098
124 38434948 38675698
126 37716888 38434948
127 37638504 37716888
128 36148236 37638504
129 36067384 36148236
130 34643428 36067384
131 34535078 34643428
133 34371058 34535078
135 33949762 34371058
137 33784982 33949762
138 33336182 33784982
142 32344107 33336182
143 32310801 32344107
144 32113401 32310801
146 31621819 32113401
148 31469422 31621819
151 31358142 31469422
152 31353756 31358142
153 31309410 31353756
154 31116902 31309410
156 28145222 31116902
157 27128570 28145222
158 26718650 27128570
159 25395134 26718650
160 25369318 25395134
161 25240610 25369318
162 25154594 25240610
163 24985964 25154594
164 24039084 24985964
165 24038220 24039084
166 23910465 24038220
167 23807409 23910465
169 23510225 23807409
171 23343085 23510225
174 22772809 23343085
176 22364149 22772809
177 21421477 22364149
178 21418663 21421477
179 21364007 21418663
181 21215975 21364007
182 21160215 21215975
184 20836115 21160215
185 20822315 20836115
186 20556299 20822315
188 20539499 20556299
189 20357755 20539499
190 19743883 20357755
192 19583063 19743883
193 19530143 19583063
196 19524619 19530143
197 19366395 19524619
198 18376289 19366395
199 18215137 18376289
201 18111681 18215137
203 16149929 18111681
204 16090307 16149929
209 15799835 16090307
211 14836483 15799835
212 14818123 14836483
213 14730266 14818123
215 14401754 14730266
216 14125754 14401754
217 14107514 14125754
218 14104386 14107514
219 13923282 14104386
220 13922742 13923282
223 13383014 13922742
225 13139001 13383014
226 13120151 13139001
227 12909719 13120151
229 12822320 12909719
234 12801840 12822320
236 12766029 12801840
237 12415155 12766029
240 12319091 12415155
241 12206571 12319091
243 12163118 12206571
244 12108602 12163118
245 11817662 12108602
248 11801390 11817662
250 11456630 11801390
254 11403110 11456630
255 11379344 11403110
256 11316884 11379344
258 11100953 11316884
260 11090427 11100953
262 11057595 11090427
264 10976091 11057595
266 10950807 10976091
272 10947881 10950807
275 10431486 10947881
277 9849862 10431486
278 9801353 9849862
279 9791459 9801353
282 9780200 9791459
283 9770860 9780200
286 9702820 9770860
287 9687584 9702820
289 9482912 9687584
290 8828096 9482912
291 8675047 8828096
294 8373946 8675047
302 8284088 8373946
303 8042864 8284088
305 7992016 8042864
307 7180784 7992016
308 7175908 7180784
310 7035140 7175908
312 6995138 7035140
313 6992570 6995138
315 6889114 6992570
318 6728910 6889114
319 6402110 6728910
321 6008861 6402110
327 5885773 6008861
329 5543893 5885773
331 5528269 5543893
336 5246581 5528269
338 4779789 5246581
340 4597817 4779789
342 4554725 4597817
345 4451045 4554725
347 4399073 4451045
352 4379363 4399073
354 4315124 4379363
358 4191682 4315124
359 4181102 4191682
362 4072538 4181102
363 3818030 4072538
364 3653402 3818030
365 3629006 3653402
367 3623906 3629006
368 3563922 3623906
369 3515510 3563922
371 3251265 3515510
373 3238465 3251265
379 3159517 3238465
383 3142129 3159517
385 3049857 3142129
386 2969347 3049857
390 2653955 2969347
391 2592031 2653955
393 2395855 2592031
394 2261175 2395855
402 2104535 2261175
403 2096735 2104535
406 2028047 2096735
410 1849375 2028047
412 1789087 1849375
415 1771615 1789087
416 1752309 1771615
423 1733133 1752309
424 1694601 1733133
425 1677955 1694601
427 1448239 1677955
429 1422265 1448239
430 1366993 1422265
433 1356749 1366993
436 1348109 1356749
438 1326312 1348109
441 1297940 1326312
445 1280840 1297940
446 1242984 1280840
449 1207312 1242984
455 1089296 1207312
459 1086299 1089296
461 1081959 1086299
462 1056439 1081959
465 1033403 1056439
468 960827 1033403
471 930452 960827
479 914436 930452
482 898244 914436
489 837064 898244
490 836392 837064
491 836392 836392
493 786272 836392
494 771312 786272
507 762284 771312
509 726479 762284
518 720783 726479
520 719649 720783
524 711961 719649
525 636981 711961
567 622317 636981
568 593379 622317
574 590339 593379
577 583727 590339
578 573929 583727
583 568683 573929
586 556851 568683
588 528735 556851
589 503131 528735
593 500931 503131
602 497891 500931
605 476375 497891
616 475625 476375
619 472421 475625
621 467213 472421
625 463333 467213
629 460653 463333
634 432723 460653
649 416079 432723
684 388663 416079
715 386971 388663
717 356443 386971
720 355793 356443
724 328793 355793
728 316471 328793
730 261951 316471
733 261215 261951
737 260759 261215
778 259057 260759
784 247377 259057
789 247377 247377
792 246537 247377
795 244929 246537
809 238593 244929
817 230704 238593
818 206836 230704
825 168610 206836
834 156110 168610
860 143294 156110
861 142086 143294
864 138810 142086
866 132730 138810
880 132398 132730
884 131783 132398
894 127091 131783
901 127091 127091
910 113491 127091
913 111287 113491
920 110527 111287
928 110259 110527
979 109935 110259
994 108115 109935
1009 101992 108115
1024 98884 101992
1035 98204 98884
1040 95760 98204
1065 95718 95760
1088 94770 95718
1090 92118 94770
1095 87870 92118
1147 87412 87870
1155 84974 87412
1162 75702 84974
1219 75128 75702
1224 72824 75128
1227 72684 72824
1240 72684 72684
1281 71872 72684
1282 71632 71872
1286 63913 71632
1294 57865 63913
1346 57685 57865
1355 55133 57685
1360 49281 55133
1403 48765 49281
1412 43920 48765
1425 43890 43920
1485 42054 43890
1487 41662 42054
1496 38782 41662
1506 38446 38782
1527 38229 38446
1534 38125 38229
1539 34725 38125
1543 28818 34725
1559 28266 28818
1568 28266 28266
1569 27076 28266
1573 26152 27076
1574 25987 26152
1629 24503 25987
1630 23807 24503
1632 22703 23807
1635 21183 22703
1662 21115 21183
1667 20871 21115
1669 20571 20871
1740 19171 20571
1750 18681 19171
1761 17669 18681
1813 17088 17669
1860 17088 17088
1872 14980 17088
1918 14836 14980
1952 14770 14836
1961 14708 14770
1966 13908 14708
1974 13260 13908
2047 13116 13260
2055 11036 13116
2075 10376 11036
2207 10360 10376
2285 10330 10360
2300 10296 10330
2304 9621 10296
2345 9397 9621
2349 9397 9397
2381 9253 9397
2393 9049 9253
2465 7569 9049
2467 7543 7569
2468 7543 7543
2473 7505 7543
2687 6798 7505
2725 6738 6798
2727 6538 6738
2729 6306 6538
2735 6238 6306
2777 6094 6238
2870 6088 6094
2907 5962 6088
2920 5938 5962
2962 5722 5938
2989 5626 5722
3019 5540 5626
3062 4540 5540
3106 4241 4540
3153 4241 4241
3235 4151 4241
3284 3941 4151
3306 3713 3941
3340 3468 3713
3364 3422 3468
3391 3422 3422
3475 3266 3422
3542 3258 3266
3595 3041 3258
3606 2807 3041
3659 2807 2807
3698 2733 2807
3735 2733 2733
3743 2589 2733
3980 2505 2589
4080 2504 2505
4094 2336 2504
4176 2336 2336
4216 2300 2336
4222 2271 2300
4346 2271 2271
4355 2127 2271
4377 2112 2127
4525 2094 2112
4601 2058 2094
4636 2044 2058
4658 2012 2044
4726 1994 2012
4775 1972 1994
4779 1840 1972
4849 1812 1840
4875 1790 1812
5068 1772 1790
5085 1756 1772
5231 1714 1756
5236 1670 1714
5297 1502 1670
5512 1454 1502
5544 1438 1454
5601 1438 1438
5646 1438 1438
5676 1388 1438
5768 1380 1388
5772 1248 1380
5852 1238 1248
5886 1212 1238
5887 1210 1212
6085 1186 1210
6099 1126 1186
6130 1126 1126
6160 1118 1126
6211 1108 1118
6261 1096 1108
6295 1096 1096
6367 1066 1096
6368 1056 1066
6377 1036 1056
6589 1000 1036
6647 986 1000
6692 986 986
6695 986 986
6783 970 986
6801 952 970
6812 916 952
6881 916 916
6904 904 916
6923 832 904
6957 748 832
6971 724 748
6988 708 724
7110 708 708
7197 692 708
7277 690 692
7429 690 690
7534 678 690
7603 666 678
7744 648 666
7873 573 648
7935 549 573
8052 549 549
8190 523 549
8290 523 523
8369 503 523
8510 503 503
8570 503 503
8666 467 503
8730 452 467
8798 443 452
8839 443 443
8879 443 443
8903 415 443
8989 415 415
9251 415 415
9505 415 415
9664 415 415
9730 415 415
9770 415 415
9853 400 415
9913 400 400
9926 394 400
9931 378 394
10042 366 378
10091 354 366
10126 354 354
10232 354 354
10314 346 354
10592 322 346
10722 322 322
10918 318 322
10998 302 318
11018 302 302
11052 298 302
11359 298 298
11565 284 298
11575 280 284
11740 280 280
11986 280 280
12324 280 280
12401 279 280
12459 279 279
12721 279 279
13193 279 279
13330 279 279
13529 263 279
13531 263 263
13609 263 263
14113 223 263
14573 233 223
14595 233 223
14623 235 223
14651 251 223
14996 11805 223
15010 11789 223
15026 11285 223
15032 10333 223
15033 10303 223
15095 10313 223
15108 9733 223
15124 9717 223
15143 9637 223
15144 10470 223
15176 10494 223
15207 10366 223
15234 10351 223
15266 10093 223
15287 9841 223
15297 9827 223
15339 9822 223
15369 9772 223
15447 9722 223
15534 9610 223
15602 9250 223
15680 9162 223
15681 7743 223
15719 7727 223
15736 6967 223
15769 6927 223
15889 6919 223
15891 6899 223
15897 6767 223
15921 6719 223
15923 6437 223
16073 6401 223
16207 4791 223
16317 4515 223
16346 4455 223
16381 4455 223
16384 4295 223
16400 3995 223
16414 3839 223
16425 3839 223
16460 3669 223
16484 3445 223
16487 3255 223
16499 3199 223
16500 3175 223
16571 2983 223
16683 2951 223
16698 2855 223
16732 2717 223
16736 2717 223
16793 2589 223
16810 2251 223
16848 2163 223
16870 2093 223
16872 1973 223
16929 1965 223
17073 1965 223
17083 1965 223
17150 1825 223
17232 1761 223
17260 1752 223
17276 1674 223
17329 1638 223
17351 1638 223
17352 1608 223
17353 1548 223
17485 1548 223
17494 1548 223
17574 1356 223
17579 1342 223
17726 1202 223
17776 1202 223
17959 1146 223
18030 1142 223
18049 1082 223
18203 1082 223
18279 1040 223
18346 998 223
18534 950 223
18584 880 223
18627 880 223
18767 872 223
18849 860 223
18940 820 223
19055 812 223
19056 797 223
19276 783 223
19389 773 223
19551 755 223
19766 737 223
19816 729 223
20050 711 223
20075 695 223
20241 635 223
20302 621 223
20388 593 223
20588 589 223
20626 565 223
21081 565 223
21219 551 223
21359 513 223
21361 513 223
21494 473 223
21755 473 223
22093 465 223
22125 465 223
22323 465 223
22410 435 223
22625 431 223
22641 431 223
22660 431 223
22706 311 223
22736 311 223
22781 311 223
22915 311 223
23039 311 223
23132 299 223
23529 283 223
23554 283 223
23706 270 223
23872 270 223
23906 270 223
24024 270 223
24097 270 223
24154 270 223
24169 270 223
24324 270 223
24485 260 223
24545 260 223
24631 260 223
24666 260 223
24670 260 223
24866 260 223
25305 254 223
25452 250 223
25610 242 223
25614 242 223
25799 242 223
25832 222 223
26097 222 222
26292 222 222
26616 222 222
26655 222 222
26971 222 222
27093 222 222
27126 206 222
27279 200 206
27460 200 200
27673 192 200
27782 192 192
27809 192 192
28164 180 192
28175 180 180
28275 176 180
28460 176 176
28494 176 176
28614 176 176
29247 160 176
29574 159 160
29736 151 159
29972 145 151
30127 145 145
30209 145 145
30343 141 145
30467 141 141
30785 141 141
30949 141 141
31121 135 141
31256 135 135
31271 133 135
31598 125 133
31877 121 125
31949 121 121
32065 121 121
32240 121 121
32435 121 121
32794 121 121
33006 121 121
33093 121 121
33108 121 121
33355 121 121
33641 111 121
33729 105 111
33763 105 105
33857 103 105
34019 103 103
34145 99 103
34256 99 99
34267 99 99
34411 93 99
34459 93 93
34527 93 93
34752 89 93
34776 89 89
34878 89 89
35062 89 89
35213 89 89
35419 89 89
35611 89 89
35680 89 89
35727 89 89
35822 89 89
36250 89 89
36274 87 89
36344 87 87
36453 18692 87
36488 18700 87
36505 17986 87
36548 18010 87
36551 18010 87
36554 259 87
36652 255 87
36722 259 87
36805 259 87
36900 4747 87
36932 4747 87
36967 4765 87
36976 4795 87
37015 3871 87
37054 4951 87
37079 4621 87
37117 3433 87
37140 3433 87
37157 3329 87
37251 3359 87
37314 3317 87
37515 3119 87
37590 6215 87
37611 6219 87
37685 6219 87
37736 6219 87
37846 6155 87
37862 4859 87
37867 4535 87
37869 4521 87
37909 4521 87
37922 4479 87
37930 3905 87
37938 3815 87
37977 3815 87
37999 3809 87
38050 3193 87
38053 3097 87
38117 3057 87
38152 2991 87
38177 2953 87
38229 2833 87
38357 2773 87
38445 2549 87
38458 2545 87
38469 2465 87
38533 2441 87
38563 2313 87
38674 2089 87
38689 2067 87
38732 1935 87
38868 1905 87
38870 1905 87
39015 1865 87
39110 1865 87
39184 1769 87
39207 1661 87
39214 1461 87
39238 1461 87
39296 1449 87
39419 1443 87
39424 1443 87
39481 1415 87
39593 1307 87
39604 1286 87
39631 1274 87
39692 1174 87
39798 1134 87
39869 1130 87
39954 1088 87
40025 1088 87
40093 1040 87
40132 960 87
40146 954 87
40365 914 87
40387 902 87
40515 886 87
40591 872 87
40697 832 87
40769 760 87
40817 760 87
40826 757 87
40856 757 87
40897 741 87
40927 677 87
40978 665 87
41012 553 87
41074 537 87
41084 489 87
41143 489 87
41459 451 87
41544 451 87
41572 411 87
42135 411 87
42416 411 87
42511 387 87
42554 383 87
42635 377 87
42744 363 87
43009 293 87
43081 293 87
43207 293 87
43289 293 87
43554 291 87
43776 291 87
43866 285 87
43934 285 87
43997 285 87
44107 273 87
44222 272 87
44989 272 87
45141 256 87
45449 254 87
45548 242 87
45754 242 87
45869 236 87
45899 236 87
46169 236 87
46204 220 87
46380 210 87
46448 208 87
46553 184 87
46651 184 87
47096 176 87
47301 172 87
47553 172 87
47563 172 87
47567 172 87
47891 158 87
48046 158 87
48875 158 87
49278 154 87
49657 154 87
49748 154 87
49911 154 87
50249 154 87
50320 151 87
50810 151 87
50863 151 87
50910 145 87
51836 145 87
51950 145 87
52158 145 87
52284 130 87
52390 124 87
52905 114 87
53277 107 87
53428 107 87
53463 107 87
54049 103 87
54378 97 87
54559 96 87
54595 86 87
54783 86 86
54965 74 86
55065 74 74
55078 74 74
55435 70 74
55442 70 70
55478 70 70
55536 70 70
55975 70 70
56197 70 70
56302 70 70
56348 70 70
57364 68 70
57465 68 68
57497 64 68
57500 60 64
57914 60 60
58011 60 60
58419 60 60
58430 60 60
58497 60 60
58644 60 60
59140 60 60
59347 60 60
59642 60 60
59715 60 60
60634 60 60
61123 60 60
61155 54 60
62541 46 54
62916 42 46
62977 42 42
63238 42 42
63386 42 42
64144 42 42
65048 42 42
65751 42 42
65951 42 42
66011 42 42
66066 36 42
67728 36 36
67819 36 36
67823 36 36
68474 36 36
68791 44 36
68939 44 36
68982 44 36
69116 54 36
69146 56 36
69156 60 36
69351 60 36
69388 60 36
69474 68 36
69498 68 36
69581 68 36
69996 68 36
70054 64 36
70282 64 36
70390 64 36
70517 62 36
70699 61 36
71115 61 36
71191 61 36
71374 61 36
71661 61 36
71961 61 36
72055 60 36
72266 60 36
72660 60 36
72874 60 36
73049 59 36
73283 59 36
73457 55 36
73701 51 36
73988 51 36
73994 51 36
74051 45 36
74359 41 36
74416 41 36
74432 41 36
74899 41 36
75244 41 36
75874 41 36
76176 41 36
76280 41 36
76769 41 36
77039 41 36
77310 41 36
77367 41 36
77541 41 36
77583 41 36
78959 41 36
79238 41 36
79324 41 36
79493 39 36
79574 39 36
79594 39 36
79740 39 36
79923 39 36
80131 39 36
80134 39 36
81640 39 36
81859 37 36
82416 35 36
82532 35 35
82541 35 35
82778 35 35
82834 35 35
83491 35 35
83523 35 35
83559 35 35
84472 35 35
84622 35 35
84888 35 35
85093 35 35
85884 33 35
86199 32 33
86281 32 32
86295 32 32
86479 32 32
86615 32 32
86760 32 32
87485 32 32
87659 32 32
87943 32 32
88214 31 32
88303 31 31
88580 31 31
88711 31 31
88958 31 31
89282 28 31
89408 28 28
90026 28 28
90079 28 28
90275 26 28
90380 26 26
90816 26 26
90835 26 26
91039 26 26
91626 26 26
91806 24 26
92656 24 24
92897 24 24
93907 24 24
93963 24 24
94174 24 24
94743 24 24
94901 24 24
95063 24 24
95111 22 24
95223 20 22
95601 20 20
95643 20 20
96079 20 20
96552 20 20
96659 20 20
96862 20 20
96935 20 20
97153 20 20
97244 20 20
97406 18 20
97513 18 18
98539 18 18
98795 18 18
98977 18 18
99013 18 18
99169 18 18
99171 18 18
99343 18 18
99355 18 18
99451 18 18
99469 18 18
99503 15 18
99558 15 15
100071 15 15
100550 15 15
100641 15 15
101374 15 15
101379 15 15
101538 15 15
101673 15 15
101815 15 15
102110 15 15
102707 15 15
103098 15 15
103232 15 15
103884 15 15
104020 15 15
104049 15 15
104124 13 15
104132 13 13
104657 13 13
105487 13 13
105727 13 13
105731 13 13
105781 13 13
106475 13 13
107708 13 13
107777 13 13
108225 13 13
108867 13 13
108968 13 13
109072 13 13
109219 13 13
110275 13 13
110533 13 13
110620 13 13
110697 13 13
110809 13 13
110874 13 13
111319 13 13
111394 13 13
111528 13 13
111554 13 13
111613 13 13
112086 13 13
112256 13 13
112825 13 13
113157 13 13
113312 13 13
113469 13 13
113701 13 13
113717 13 13
114145 13 13
114213 13 13
114412 13 13
115007 13 13
115036 13 13
115088 13 13
115471 13 13
115674 943 13
115767 1114 13
115828 1106 13
115837 1106 13
115944 4180 13
115977 4095 13
116053 4079 13
116078 4025 13
116129 4025 13
116151 4023 13
116162 3911 13
116325 3911 13
116357 3911 13
116374 3767 13
116377 3734 13
116404 3728 13
116459 3688 13
116478 3688 13
116487 3526 13
116620 3430 13
116644 3298 13
116670 3106 13
116700 3058 13
116851 2970 13
116864 2795 13
116875 2731 13
116878 2891 13
116879 2884 13
116908 2884 13
116982 2768 13
117025 2748 13
117026 2748 13
117051 2692 13
117077 2626 13
117103 2570 13
117163 2522 13
117187 2002 13
117201 1922 13
117233 1922 13
117268 1752 13
117347 1752 13
117444 1752 13
117486 1724 13
117489 2340 13
117532 2334 13
117536 2316 13
117549 2244 13
117574 2216 13
117667 2200 13
117685 2080 13
117880 1936 13
117882 1936 13
117954 1932 13
117956 1464 13
117964 1464 13
117998 1424 13
118011 1424 13
118096 1974 13
118121 1953 13
118141 1905 13
118321 1825 13
118510 1665 13
118547 1665 13
118619 1601 13
118664 1473 13
118782 1473 13
119103 1407 13
119130 1407 13
119151 1377 13
119178 1373 13
119239 1366 13
119250 1186 13
119287 1182 13
119519 958 13
119563 898 13
119567 888 13
119573 824 13
119652 774 13
119671 770 13
119722 745 13
119742 715 13
119864 715 13
119905 699 13
119923 699 13
119941 699 13
120062 675 13
120124 663 13
120161 663 13
120379 663 13
120469 663 13
120475 663 13
120550 663 13
120560 643 13
120662 625 13
120729 625 13
120759 601 13
120929 541 13
120934 496 13
120966 496 13
120974 488 13
120981 486 13
121029 486 13
121086 474 13
121413 469 13
121521 469 13
121570 453 13
121632 363 13
121714 363 13
121777 360 13
121904 344 13
122021 336 13
122055 316 13
122217 308 13
122315 308 13
122545 308 13
122671 308 13
122898 304 13
123033 298 13
123156 298 13
123352 274 13
123395 274 13
123495 268 13
123731 252 13
124079 232 13
124273 232 13
124296 175 13
124422 175 13
124491 175 13
124503 175 13
124560 175 13
124564 167 13
124709 167 13
124718 167 13
125089 165 13
125126 165 13
125166 165 13
125518 163 13
125535 163 13
125867 161 13
125909 161 13
126157 153 13
126263 145 13
126419 144 13
126554 144 13
126596 140 13
126680 136 13
126725 136 13
127656 134 13
127760 126 13
127915 126 13
128241 126 13
128312 126 13
128354 117 13
128741 109 13
129018 108 13
129091 108 13
129098 102 13
129239 98 13
129273 98 13
129585 98 13
129808 88 13
130250 88 13
130439 88 13
130463 84 13
130581 84 13
130790 82 13
130859 82 13
130916 82 13
131269 82 13
131480 82 13
131556 78 13
131876 78 13
132279 78 13
132293 78 13
132299 78 13
132805 78 13
132895 76 13
133103 76 13
133774 74 13
134236 74 13
134365 74 13
134748 71 13
134865 71 13
135149 71 13
135160 71 13
135164 61 13
135169 60 13
135365 59 13
135502 59 13
136390 59 13
136749 59 13
137031 59 13
137045 53 13
137311 53 13
137810 53 13
138038 53 13
138734 45 13
138934 45 13
138990 43 13
139380 41 13
139520 39 13
141049 39 13
141076 39 13
141162 37 13
141354 37 13
141720 37 13
141858 37 13
142688 37 13
142935 35 13
143458 35 13
143982 35 13
144830 35 13
145107 35 13
145234 35 13
145259 35 13
145419 35 13
145522 35 13
145581 35 13
146119 35 13
146291 35 13
146504 29 13
146720 29 13
147346 29 13
147627 29 13
148051 29 13
148087 29 13
149041 29 13
149505 29 13
149623 29 13
150295 29 13
150430 29 13
151184 29 13
151392 29 13
151612 29 13
153720 29 13
154307 29 13
154412 29 13
154789 29 13
155019 29 13
155747 29 13
156793 29 13
157314 28 13
157701 28 13
159139 28 13
159240 26 13
160101 26 13
160130 26 13
160963 26 13
161681 26 13
162039 24 13
162356 24 13
162660 24 13
162980 24 13
163057 24 13
163236 24 13
164086 24 13
164391 24 13
164580 24 13
164617 24 13
164833 22 13
165733 19 13
165768 19 13
166061 19 13
166257 19 13
166672 19 13
167082 19 13
167460 19 13
167932 19 13
168120 19 13
168315 19 13
168847 19 13
169386 19 13
170457 19 13
170465 17 13
170876 17 13
170939 17 13
171001 17 13
171667 17 13
172150 17 13
173090 17 13
173104 17 13
173131 17 13
173237 17 13
173869 17 13
174037 17 13
174392 17 13
174458 17 13
175288 17 13
176468 17 13
177314 17 13
177397 17 13
177598 17 13
177811 17 13
178860 17 13
178931 17 13
179268 17 13
179472 17 13
179512 17 13
180148 17 13
180255 17 13
181192 17 13
181378 17 13
181756 17 13
181847 17 13
182128 17 13
182203 17 13
182528 17 13
182810 17 13
182814 17 13
183316 17 13
183374 17 13
183894 17 13
183921 17 13
184603 17 13
184624 17 13
185067 19 13
185139 19 13
185207 343 13
185329 325 13
185383 325 13
185441 325 13
185835 313 13
185837 319 13
186159 319 13
186199 319 13
186319 295 13
186684 289 13
186719 276 13
186758 276 13
186849 268 13
187060 268 13
187199 268 13
187469 268 13
187895 220 13
188178 212 13
188878 292 13
188959 292 13
189116 292 13
189181 288 13
189759 288 13
189974 276 13
190166 270 13
190418 264 13
190442 264 13
190514 250 13
190664 247 13
190930 247 13
191201 247 13
191248 247 13
191331 229 13
191385 225 13
191478 201 13
191522 195 13
191875 195 13
191955 195 13
192029 187 13
192066 179 13
192084 171 13
192233 171 13
192335 171 13
192479 163 13
192592 155 13
192954 143 13
193049 137 13
193200 135 13
193567 131 13
193993 126 13
194003 126 13
194433 122 13
194495 120 13
194532 120 13
194963 113 13
195307 105 13
195444 101 13
195802 101 13
196341 101 13
196465 100 13
196513 100 13
196574 100 13
196602 100 13
196888 100 13
196978 100 13
197038 100 13
197133 100 13
197432 100 13
197472 96 13
198052 92 13
198105 92 13
198299 92 13
198354 85 13
198666 85 13
199246 79 13
199369 79 13
200032 77 13
200171 77 13
200554 73 13
200767 71 13
201225 71 13
201234 71 13
202832 71 13
202919 71 13
203013 71 13
203079 71 13
203089 71 13
203594 71 13
203623 71 13
203659 71 13
203922 65 13
204153 63 13
204238 63 13
204558 63 13
204753 63 13
204863 61 13
205246 61 13
205794 61 13
206538 61 13
206668 59 13
207536 59 13
207679 59 13
208810 55 13
208986 55 13
209108 54 13
209851 54 13
210037 54 13
210306 52 13
210337 48 13
210342 48 13
210487 48 13
210703 48 13
210722 46 13
210785 46 13
211064 46 13
211182 46 13
211260 46 13
211406 43 13
211763 43 13
211798 43 13
212144 43 13
212375 42 13
212670 42 13
212915 42 13
213057 42 13
213462 42 13
214070 42 13
214256 42 13
214482 40 13
214533 37 13
214564 33 13
214647 33 13
214857 33 13
214869 33 13
215571 33 13
216070 33 13
216432 33 13
216555 33 13
216936 33 13
217171 33 13
217765 33 13
218015 33 13
218251 33 13
218429 33 13
218458 33 13
218649 33 13
220032 33 13
220269 31 13
220419 31 13
220578 31 13
220980 31 13
220983 27 13
221133 25 13
221153 25 13
221823 25 13
221988 25 13
222401 25 13
222470 25 13
222476 25 13
222647 25 13
223205 25 13
223571 25 13
223616 25 13
224214 25 13
224333 25 13
224707 25 13
224832 25 13
225048 25 13
225142 25 13
225281 25 13
225330 25 13
225908 25 13
226434 21 13
226626 21 13
226934 20 13
227053 20 13
227238 20 13
228153 20 13
228246 20 13
228886 20 13
228926 20 13
229110 20 13
229326 20 13
229625 16 13
229950 16 13
230174 16 13
230264 16 13
230290 16 13
230630 16 13
230638 16 13
230698 16 13
230724 16 13
230800 14 13
230840 14 13
230932 14 13
231133 14 13
231469 14 13
232111 14 13
232518 14 13
233459 14 13
233571 14 13
233725 14 13
233977 14 13
234068 14 13
234578 14 13
234691 14 13
234904 14 13
235463 14 13
235484 14 13
235742 14 13
236007 14 13
236805 14 13
236851 14 13
237308 14 13
237648 14 13
238211 14 13
238535 14 13
238547 14 13
238583 14 13
238894 14 13
240847 14 13
240907 14 13
241279 14 13
241312 14 13
241447 14 13
241996 14 13
242527 14 13
242753 14 13
243043 14 13
243129 14 13
243177 14 13
243512 14 13
243702 14 13
244385 14 13
244625 14 13
244627 14 13
245157 14 13
245344 14 13
245409 14 13
246548 14 13
246699 14 13
247259 14 13
247343 14 13
247419 14 13
247815 14 13
248188 14 13
248391 14 13
248774 14 13
248959 14 13
249195 14 13
249564 14 13
250123 14 13
250277 14 13
250685 14 13
250737 14 13
250994 14 13
251273 14 13
251568 14 13
252047 14 13
252148 14 13
252223 14 13
252612 14 13
253376 14 13
253492 14 13
254163 14 13
254540 14 13
255036 14 13
255188 14 13
255329 14 13
255352 14 13
255700 14 13
256639 14 13
256736 14 13
256761 14 13
257009 14 13
257205 14 13
257491 14 13
257539 14 13
257548 14 13
257967 14 13
258270 14 13
258393 14 13
258623 14 13
258894 14 13
260188 14 13
261397 14 13
261419 14 13
261426 14 13
261718 14 13
262396 14 13
262512 14 13
262542 14 13
262557 14 13
262719 14 13
263260 14 13
263928 14 13
264032 14 13
264235 14 13
264775 14 13
265130 14 13
265371 14 13
265711 14 13
265821 14 13
265839 14 13
265920 14 13
265931 14 13
266194 14 13
266797 14 13
267295 14 13
267573 14 13
267658 14 13
267756 14 13
267802 14 13
267993 14 13
268028 14 13
268835 14 13
269304 14 13
269517 14 13
270218 12 13
270411 12 12
270554 12 12
270605 12 12
271641 12 12
271915 12 12
272046 12 12
272597 12 12
272761 12 12
272932 12 12
272969 12 12
273118 12 12
273229 12 12
273794 12 12
274482 12 12
275104 12 12
275138 12 12
275959 12 12
276366 12 12
276915 12 12
277170 12 12
277303 12 12
277474 12 12
278800 12 12
279147 12 12
279253 12 12
279295 12 12
279753 12 12
279879 12 12
280022 12 12
280194 12 12
280402 12 12
280609 10 12
